<?xml version="1.0" standalone="no"?>
<!DOCTYPE svg PUBLIC "-//W3C//DTD SVG 20010904//EN"
 "http://www.w3.org/TR/2001/REC-SVG-20010904/DTD/svg10.dtd">
<svg version="1.0" xmlns="http://www.w3.org/2000/svg"
 width="1280.000000pt" height="1247.000000pt" viewBox="0 0 1280.000000 1247.000000"
 preserveAspectRatio="xMidYMid meet">
<metadata>
Created by potrace 1.15, written by Peter Selinger 2001-2017
</metadata>
<g transform="translate(0.000000,1247.000000) scale(0.100000,-0.100000)"
fill="#ff9800" stroke="none">
<path d="M3491 12431 c-13 -24 -100 -410 -226 -997 -113 -527 -208 -961 -212
-964 -3 -3 -3 18 1 45 3 28 24 370 47 760 41 708 41 765 10 765 -6 0 -15 -17
-20 -37 -5 -21 -23 -382 -40 -803 -32 -773 -42 -987 -48 -960 -2 8 -30 360
-62 781 -43 561 -63 774 -74 795 -11 22 -16 82 -20 249 -6 266 -22 327 -64
239 -16 -33 -15 -76 25 -886 24 -468 41 -852 39 -854 -1 -2 -47 265 -101 594
-55 328 -104 612 -110 631 -6 19 -16 36 -23 38 -25 9 -25 -66 0 -204 14 -76
67 -358 117 -627 50 -269 89 -490 87 -492 -2 -2 -15 36 -29 84 -75 254 -291
943 -308 982 -11 25 -58 183 -105 353 -99 358 -118 407 -144 358 -19 -34 -12
-80 35 -235 25 -83 68 -225 95 -316 28 -91 72 -237 99 -325 27 -88 72 -236
100 -330 28 -93 74 -244 101 -335 28 -91 64 -209 81 -263 16 -54 28 -100 26
-103 -3 -2 -122 292 -266 654 -144 361 -269 665 -277 676 -18 23 -35 12 -35
-23 0 -15 95 -252 210 -526 116 -274 209 -499 208 -500 -2 -2 -102 172 -223
387 -121 214 -227 396 -236 404 -25 22 -32 2 -16 -43 8 -21 142 -255 300 -520
157 -265 301 -519 321 -565 19 -45 42 -101 51 -123 l16 -40 -21 24 c-11 13
-46 69 -77 125 -159 284 -388 622 -732 1081 -319 426 -761 977 -787 983 -24 6
-44 -18 -44 -53 0 -25 11 -46 43 -82 23 -27 119 -137 213 -244 526 -599 955
-1171 1203 -1604 34 -59 -110 90 -280 290 -226 265 -630 704 -823 895 -70 68
-77 73 -92 58 -35 -35 -12 -66 197 -264 191 -180 559 -557 493 -504 -18 14
-85 69 -150 122 -316 262 -754 528 -754 459 0 -15 75 -74 245 -192 362 -252
708 -523 987 -773 60 -53 205 -225 182 -215 -53 24 -486 319 -689 470 -477
354 -917 590 -1189 638 -127 23 -186 7 -154 -40 9 -15 48 -32 128 -56 240 -73
511 -187 754 -319 189 -103 188 -102 124 -96 l-53 5 23 -25 c12 -14 45 -35 72
-48 74 -35 54 -35 -30 0 -131 54 -345 118 -498 150 -168 34 -181 35 -207 17
-13 -10 -16 -21 -11 -40 5 -22 14 -27 64 -37 243 -47 636 -165 722 -218 25
-15 110 -53 190 -85 80 -31 199 -87 265 -123 112 -62 379 -237 391 -255 3 -5
-35 10 -83 32 -48 22 -126 57 -173 77 -47 20 -101 46 -120 57 -85 53 -308 170
-412 216 -272 121 -496 173 -597 138 -28 -10 -32 -15 -26 -36 5 -20 3 -24 -12
-19 -140 43 -597 57 -765 23 -127 -26 -300 -77 -320 -95 -22 -18 -23 -45 -4
-61 11 -10 41 -6 138 18 183 46 302 62 513 68 217 6 399 -9 616 -53 158 -31
177 -39 121 -48 -22 -3 -48 -13 -57 -22 -30 -31 -2 -41 132 -47 148 -8 299
-30 361 -53 52 -20 51 -26 -3 -13 -64 15 -284 39 -356 39 -79 0 -111 -17 -92
-49 7 -12 13 -22 13 -24 0 -2 -26 1 -57 6 -32 6 -161 11 -288 11 -241 1 -384
-13 -407 -41 -24 -29 12 -35 178 -29 268 9 757 -27 776 -57 4 -7 37 -13 85
-14 43 -1 103 -9 133 -18 45 -12 48 -14 15 -10 -192 26 -419 14 -587 -31 -87
-23 -249 -95 -328 -145 -19 -13 -111 -42 -203 -66 -236 -59 -285 -88 -222
-129 25 -16 31 -16 143 14 223 59 405 97 712 148 32 5 29 2 -42 -51 -76 -55
-91 -78 -66 -103 9 -9 22 -3 57 22 74 53 186 115 259 142 64 25 77 26 287 28
121 0 254 -2 295 -6 51 -5 64 -4 40 2 -40 10 -210 35 -315 46 l-70 7 65 14
c36 8 121 14 190 16 137 2 190 -11 364 -87 l79 -34 -54 -6 c-135 -13 -295 -27
-421 -36 -226 -17 -352 -38 -602 -101 -232 -58 -641 -199 -760 -262 -68 -36
-95 -69 -76 -92 20 -24 48 -18 181 36 159 64 527 188 694 233 173 46 315 77
291 63 -99 -61 -166 -108 -166 -117 0 -21 42 -8 171 54 74 36 176 79 226 96
83 28 108 31 245 36 l153 5 -75 -31 c-41 -17 -129 -44 -194 -60 -113 -29 -184
-54 -566 -203 -375 -145 -626 -266 -1039 -500 -154 -87 -241 -156 -241 -189 0
-36 65 -16 200 62 327 188 858 452 915 454 17 1 76 25 133 55 82 41 299 131
319 131 2 0 -27 -23 -64 -51 -37 -29 -71 -57 -75 -63 -13 -19 -9 -34 11 -41
13 -4 55 19 143 78 216 147 247 163 391 192 71 15 130 25 133 23 7 -7 -154
-85 -256 -124 -52 -20 -165 -72 -250 -116 -85 -43 -222 -107 -305 -140 -255
-103 -451 -210 -491 -267 -41 -58 42 -56 165 4 104 50 102 50 95 32 -3 -8 2
-19 10 -26 19 -16 24 -13 202 108 111 75 303 181 329 181 2 0 -33 -36 -80 -81
-46 -45 -87 -89 -90 -98 -3 -10 -59 -63 -125 -119 -151 -130 -335 -305 -372
-356 -15 -21 -28 -47 -28 -58 0 -40 42 -15 157 93 213 202 493 434 703 585 51
36 48 31 -55 -81 -60 -66 -135 -151 -165 -188 -43 -53 -61 -67 -82 -67 -27 0
-32 -9 -30 -49 0 -7 -20 -42 -44 -78 -46 -67 -56 -103 -28 -103 14 0 41 26 93
90 13 16 23 22 29 15 24 -25 495 -713 504 -734 5 -14 19 -34 31 -45 13 -12 63
-86 111 -166 136 -222 337 -554 343 -565 5 -12 -6 1 -256 315 -352 441 -542
640 -612 640 -9 0 -43 29 -74 64 -64 73 -210 202 -258 228 -42 22 -74 23 -80
1 -2 -12 18 -41 57 -82 l61 -64 -50 37 c-127 94 -205 121 -205 72 0 -18 82
-95 383 -359 367 -322 781 -722 928 -897 66 -79 53 -69 -192 141 -459 393
-715 579 -794 579 -20 0 -26 -4 -23 -17 2 -10 132 -108 289 -218 158 -110 338
-240 400 -290 193 -151 381 -305 374 -305 -21 0 -150 91 -300 211 -284 227
-498 380 -614 439 -69 35 -116 43 -116 20 0 -9 129 -101 302 -215 286 -190
367 -247 278 -196 -873 501 -1345 731 -1499 731 -46 0 -47 -1 -44 -27 3 -26
32 -41 523 -264 481 -219 740 -348 1195 -596 155 -85 275 -161 266 -170 -1 -2
-212 76 -468 171 -741 278 -1131 405 -1361 443 -132 22 -200 6 -165 -39 9 -11
179 -60 488 -142 261 -69 547 -148 635 -177 226 -73 859 -290 867 -298 4 -4
-142 15 -325 41 -590 84 -900 114 -1040 98 -73 -8 -109 -28 -85 -47 8 -6 141
-15 318 -22 324 -13 597 -35 930 -77 113 -14 226 -24 253 -23 26 2 52 -2 58
-8 13 -13 43 -9 -506 -58 -892 -80 -1317 -147 -1435 -227 -42 -28 -46 -40 -20
-56 17 -10 94 2 493 78 456 87 779 136 1267 190 102 11 203 23 225 26 22 4 38
4 34 0 -12 -13 -760 -160 -929 -182 -102 -13 -291 -38 -420 -55 -778 -101
-1229 -204 -1314 -298 -20 -22 -20 -22 2 -43 l22 -22 377 83 c208 45 499 109
648 141 148 33 271 58 272 56 2 -2 -12 -13 -32 -24 -33 -20 -45 -45 -26 -56 5
-3 132 32 282 78 251 77 292 86 489 114 118 17 216 29 218 28 11 -12 -213 -84
-391 -127 -653 -157 -982 -264 -1057 -344 -24 -25 -24 -27 -7 -40 16 -11 31
-9 105 17 404 138 765 258 768 255 3 -2 -17 -12 -43 -22 -99 -37 -484 -211
-638 -287 -225 -112 -310 -164 -380 -231 l-60 -58 24 -18 25 -19 -82 -41
c-118 -59 -336 -186 -419 -243 -85 -59 -176 -151 -171 -175 2 -9 15 -20 30
-25 24 -8 91 27 620 323 413 232 710 390 978 522 360 177 442 215 430 203 -3
-2 -91 -58 -195 -124 -509 -318 -826 -555 -881 -657 -18 -35 -18 -37 -1 -50
17 -12 8 -21 -96 -99 -279 -210 -447 -378 -447 -449 0 -16 49 -29 65 -18 6 4
221 178 480 386 259 209 574 453 700 543 l230 164 -160 -163 c-88 -90 -190
-198 -226 -239 -162 -184 -227 -310 -161 -310 13 0 138 134 360 383 328 369
530 580 582 607 14 7 -74 -88 -195 -211 -298 -303 -428 -473 -375 -491 5 -1
-33 -52 -85 -113 -202 -235 -289 -384 -229 -393 17 -2 66 53 248 278 146 182
226 274 226 261 0 -14 6 -21 19 -21 12 0 64 66 167 212 85 121 193 259 251
322 138 152 255 273 250 261 -22 -55 -114 -179 -278 -375 -632 -758 -930
-1174 -947 -1326 -5 -43 -4 -44 25 -44 28 0 48 28 343 463 335 493 641 910
545 742 -228 -399 -427 -789 -490 -960 -39 -106 -56 -207 -36 -219 31 -19 50
9 137 199 49 107 94 195 100 195 7 0 94 156 195 348 154 292 425 762 460 797
6 6 1 -15 -11 -45 -44 -112 -134 -350 -195 -520 -35 -96 -113 -300 -174 -453
-266 -669 -383 -1058 -352 -1175 11 -39 12 -40 40 -31 27 9 33 24 128 332 86
276 104 322 121 325 11 2 25 9 30 15 6 7 60 194 120 417 79 289 131 461 184
600 107 283 283 729 286 726 10 -10 -50 -324 -107 -563 -169 -698 -261 -1141
-296 -1427 -20 -157 -20 -316 0 -362 13 -32 16 -34 37 -23 13 6 24 12 25 13 2
2 17 108 108 766 31 223 69 468 85 545 l28 140 1 -110 c1 -104 13 -179 29
-189 27 -17 32 23 52 399 11 215 27 426 35 470 23 127 73 346 80 353 4 4 4
-51 0 -123 -13 -230 -10 -1189 3 -1305 16 -134 30 -197 52 -237 12 -20 22 -72
30 -145 26 -259 60 -413 101 -457 l22 -23 20 20 20 21 -21 218 c-11 120 -21
234 -22 253 0 19 -9 109 -20 200 -48 408 -60 547 -74 880 -23 531 -26 613 -21
608 3 -2 14 -76 25 -164 24 -186 77 -527 120 -774 55 -313 96 -469 140 -522
17 -20 20 -21 34 -8 16 17 1 98 -109 595 -56 249 -157 852 -155 923 1 9 53
-147 116 -348 184 -581 330 -1030 405 -1238 172 -476 301 -743 385 -799 25
-16 27 -16 40 2 8 10 14 25 14 32 0 7 -41 110 -90 228 -75 178 -89 218 -80
235 9 17 -23 98 -201 508 -117 268 -248 584 -292 702 -94 255 -309 881 -304
887 2 2 127 -241 278 -539 291 -576 490 -955 615 -1171 185 -318 350 -533 405
-525 49 7 35 43 -89 238 -108 170 -117 187 -106 208 13 27 47 -30 -336 557
-186 286 -328 525 -546 925 -92 167 -114 215 -88 185 103 -116 278 -344 385
-502 373 -548 622 -867 735 -942 54 -35 77 -37 82 -4 2 16 -31 63 -119 170
-67 81 -129 157 -138 168 -9 11 4 3 27 -18 58 -51 131 -97 155 -97 38 0 10 40
-120 174 -112 115 -128 136 -107 136 13 0 24 6 24 13 0 6 -108 120 -241 252
-390 389 -452 462 -712 835 -29 41 36 -33 218 -250 462 -549 716 -810 786
-810 47 0 8 47 -227 275 -218 212 -410 413 -614 645 -36 41 -58 70 -50 65 8
-5 126 -100 261 -211 330 -271 668 -540 863 -687 311 -233 566 -387 643 -387
29 0 33 3 33 28 -1 25 -39 53 -438 317 -240 160 -560 383 -712 496 -342 255
-752 575 -725 565 11 -4 231 -128 490 -276 745 -425 1079 -598 1292 -670 85
-28 176 -39 186 -22 17 28 -30 53 -459 245 -247 111 -553 256 -679 321 -293
151 -727 386 -740 399 -7 7 -7 8 0 5 6 -3 163 -53 350 -112 612 -190 891 -260
1011 -254 51 3 59 6 59 22 0 18 -35 27 -345 91 -348 73 -512 114 -895 225
-183 53 -217 60 -265 55 -43 -5 -65 -2 -100 14 l-45 20 40 0 c22 1 177 -8 345
-18 168 -11 404 -25 525 -31 405 -20 407 -20 399 -38 -11 -27 -17 -148 -7
-137 6 6 20 43 33 83 l23 72 103 0 c86 0 104 -3 104 -15 0 -19 29 -20 44 -1 8
11 46 15 154 18 78 2 142 0 142 -4 0 -5 -9 -65 -20 -135 -15 -90 -18 -129 -10
-137 22 -22 28 2 50 186 11 85 15 97 34 102 39 11 75 6 84 -10 8 -14 10 -12
16 10 11 44 26 29 26 -26 0 -29 -5 -137 -11 -239 -13 -201 -9 -239 20 -239 17
0 19 16 25 233 4 127 7 331 6 452 0 121 2 280 6 353 l7 133 39 20 c22 11 41
19 43 17 2 -2 9 -219 15 -483 7 -271 16 -484 21 -490 19 -19 29 20 29 115 0
52 -9 271 -20 485 l-19 390 22 17 c12 10 24 18 27 18 6 0 82 -533 145 -1010
53 -400 58 -425 75 -425 8 0 16 10 18 22 2 12 -47 333 -108 715 -61 381 -110
704 -108 718 2 14 36 -86 77 -225 62 -210 82 -293 119 -514 36 -219 48 -270
70 -307 15 -24 33 -44 40 -44 7 0 11 3 9 8 -5 8 -67 280 -67 290 1 4 41 -105
89 -243 117 -332 190 -527 203 -542 16 -19 27 -16 33 10 4 14 -27 115 -83 272
-49 138 -146 421 -215 630 -125 379 -126 381 -182 688 -32 170 -55 310 -54
312 2 2 31 -81 63 -183 60 -191 83 -285 130 -542 25 -139 27 -146 62 -178 19
-19 38 -32 41 -29 2 3 0 22 -6 43 -21 75 -3 42 34 -63 20 -60 70 -191 110
-293 39 -102 87 -233 105 -292 35 -112 56 -140 67 -87 5 29 6 29 20 9 13 -18
43 -28 43 -15 0 3 -51 126 -114 273 -121 285 -438 1186 -471 1337 -9 44 -25
112 -35 150 -11 39 -35 142 -55 230 -19 88 -39 172 -44 188 -5 15 -7 27 -5 27
2 0 31 -46 64 -102 34 -57 91 -150 129 -208 66 -102 255 -449 248 -457 -4 -4
-188 261 -282 407 -70 109 -106 155 -65 85 69 -117 219 -354 341 -535 103
-154 172 -273 276 -475 77 -148 172 -328 212 -399 128 -228 150 -256 200 -256
21 0 29 24 12 35 -6 3 -49 79 -97 168 -48 89 -96 177 -106 195 -36 60 -10 33
53 -55 250 -350 458 -599 516 -617 10 -3 24 -16 32 -28 244 -389 598 -982 700
-1173 74 -137 136 -253 138 -258 2 -4 2 -7 0 -7 -3 0 -49 78 -103 173 -447
786 -791 1296 -948 1404 -59 41 -78 41 -93 4 -10 -28 6 -52 416 -644 315 -453
484 -709 644 -971 258 -421 374 -617 354 -596 -8 8 -90 112 -182 230 -370 473
-606 750 -781 920 -112 109 -167 149 -206 154 -14 2 -81 60 -173 152 -159 159
-247 232 -317 264 -61 28 -74 26 -82 -12 -6 -30 -1 -38 76 -116 l83 -84 -90
66 c-99 73 -174 114 -219 118 -25 3 -30 -1 -37 -27 -7 -24 -5 -34 14 -51 12
-12 240 -212 507 -445 347 -304 570 -509 789 -724 253 -249 499 -513 535 -574
5 -7 -99 78 -230 191 -722 618 -1062 868 -1182 868 -29 0 -33 -3 -30 -22 2
-15 108 -94 388 -290 362 -253 605 -436 937 -707 78 -64 140 -117 138 -119
-10 -11 -211 129 -381 265 -532 426 -866 654 -983 670 -44 6 -59 -8 -39 -37 7
-11 188 -135 403 -275 335 -220 519 -346 425 -292 -1137 654 -1738 957 -2010
1013 -105 22 -140 15 -140 -25 0 -16 6 -33 13 -39 6 -5 311 -145 677 -311 671
-304 997 -467 1650 -823 223 -121 424 -251 365 -236 -11 3 -254 94 -541 201
-1271 478 -1813 647 -2076 651 -69 1 -91 -3 -104 -15 -13 -14 -14 -21 -4 -40
7 -13 13 -25 14 -26 1 -1 299 -81 661 -177 613 -161 700 -187 1210 -359 303
-101 611 -206 685 -232 74 -26 155 -54 180 -61 l45 -14 -60 5 c-33 3 -305 32
-605 65 -1075 117 -1420 144 -1765 138 -230 -5 -295 -14 -295 -43 0 -7 6 -17
13 -23 8 -7 236 -18 627 -32 625 -21 951 -41 1650 -105 270 -25 391 -32 433
-26 49 7 62 5 80 -10 21 -17 21 -17 -33 -23 -30 -3 -239 -22 -465 -41 -891
-77 -1403 -137 -1755 -206 -227 -44 -392 -100 -434 -148 -19 -21 -19 -21 4
-46 13 -14 31 -23 39 -20 9 2 111 22 226 44 116 22 410 78 655 124 245 47 468
88 495 91 28 4 187 24 355 46 168 22 447 55 620 75 173 19 331 37 350 40 191
27 -765 -176 -1060 -226 -63 -10 -266 -37 -450 -60 -1237 -150 -1920 -292
-2089 -434 -38 -32 -38 -41 -6 -75 l26 -27 282 63 c774 171 1427 313 1467 318
l45 7 -40 -22 c-43 -23 -85 -58 -85 -70 0 -5 8 -13 19 -18 14 -8 57 1 182 40
597 185 560 176 1011 239 82 11 154 20 160 20 7 -1 -47 -25 -120 -55 -87 -35
-192 -67 -310 -95 -507 -119 -947 -237 -1202 -325 -247 -85 -391 -169 -364
-213 6 -9 20 -18 30 -20 10 -1 199 59 419 133 220 75 479 163 574 196 96 33
179 58 183 57 5 -2 -100 -50 -234 -107 -488 -209 -848 -382 -1058 -512 -107
-66 -230 -174 -230 -203 0 -9 11 -22 25 -28 14 -6 25 -14 25 -17 0 -4 -35 -24
-77 -45 -144 -71 -418 -228 -548 -313 -172 -114 -285 -223 -285 -276 0 -7 16
-21 35 -30 l35 -17 823 462 c689 387 891 495 1252 671 514 251 683 331 670
319 -5 -5 -113 -73 -240 -152 -696 -435 -1096 -726 -1211 -883 -48 -65 -55
-94 -23 -105 18 -7 15 -11 -28 -42 -146 -103 -525 -392 -633 -482 -225 -189
-370 -357 -370 -429 0 -23 6 -28 41 -37 l40 -10 727 586 c557 450 800 639
1042 810 173 124 338 241 365 260 32 24 -17 -33 -142 -161 -374 -384 -536
-588 -559 -704 -6 -29 -4 -31 26 -38 27 -6 37 -3 55 16 12 13 203 229 425 479
491 555 705 776 810 835 8 4 -107 -115 -255 -266 -351 -356 -497 -530 -527
-632 -10 -32 -10 -41 0 -45 7 -2 -50 -70 -130 -154 -770 -809 -1138 -1274
-1156 -1458 l-4 -47 38 -6 c32 -5 43 -3 60 16 12 12 262 322 557 689 574 715
860 1046 865 1002 2 -17 10 -24 26 -24 17 0 55 47 181 227 141 200 187 256
389 473 126 135 244 261 263 280 l35 35 -31 -55 c-17 -30 -167 -219 -334 -420
-886 -1065 -1257 -1590 -1261 -1780 l-1 -55 35 3 c19 1 40 8 46 15 6 7 204
296 439 642 246 362 497 720 592 843 90 116 166 212 168 212 2 0 -28 -55 -67
-122 -473 -822 -736 -1401 -698 -1537 6 -22 12 -25 36 -23 16 2 32 6 36 10 4
4 61 124 126 266 73 158 127 262 137 266 10 3 126 213 273 491 162 305 325
598 441 787 101 167 185 301 187 300 1 -2 -40 -116 -92 -253 -53 -138 -140
-374 -195 -525 -55 -151 -158 -419 -228 -595 -384 -958 -541 -1485 -492 -1655
6 -21 13 -25 40 -23 18 0 37 5 43 11 9 9 278 857 278 878 0 6 14 11 30 11 17
0 36 5 42 11 6 6 41 122 78 259 37 136 106 390 153 563 69 252 109 375 200
615 145 382 369 946 374 941 12 -12 -78 -482 -150 -781 -185 -763 -290 -1243
-357 -1640 -78 -462 -90 -718 -35 -802 15 -22 17 -23 46 -8 16 9 32 21 34 28
3 7 52 361 110 787 66 483 122 856 149 990 l43 215 0 -180 c0 -150 2 -187 17
-222 20 -47 24 -49 48 -30 13 10 19 81 37 467 26 554 38 658 106 970 l53 245
1 -130 c1 -71 -4 -360 -10 -642 -18 -881 11 -1385 87 -1523 22 -38 28 -73 45
-235 30 -293 65 -467 112 -549 33 -58 51 -66 82 -35 l26 25 -30 285 c-16 156
-30 307 -30 334 1 28 -22 246 -50 485 -27 239 -53 464 -56 500 -15 175 -60
1378 -50 1355 2 -5 16 -102 30 -215 36 -286 81 -586 115 -775 16 -88 40 -231
55 -318 85 -520 181 -797 241 -699 9 14 1 66 -37 237 -27 121 -49 230 -49 241
0 12 -29 149 -65 305 -36 156 -70 305 -75 330 -30 154 -154 979 -147 985 3 3
57 -165 248 -776 475 -1513 728 -2182 921 -2438 34 -46 89 -92 109 -92 3 0 14
15 24 34 l18 34 -127 301 c-123 291 -126 301 -111 325 16 24 8 43 -288 728
-326 753 -410 969 -666 1725 -76 227 -142 417 -146 422 -3 6 -4 11 -1 11 8 0
80 -139 366 -705 652 -1291 850 -1656 1112 -2047 142 -212 272 -344 321 -325
8 3 18 20 22 37 6 28 -10 57 -158 289 -147 231 -163 260 -150 276 7 11 13 27
13 37 0 10 -163 269 -363 575 -254 390 -421 659 -554 893 -188 330 -463 827
-463 837 0 17 421 -512 490 -617 436 -656 815 -1160 1008 -1342 115 -108 178
-133 192 -77 6 22 -13 50 -157 225 -245 297 -240 290 -158 218 95 -83 150
-121 187 -129 31 -7 48 4 48 33 0 10 -185 204 -364 382 -3 3 10 4 29 2 29 -4
35 -1 35 15 0 12 -127 145 -332 348 -298 296 -565 578 -660 697 -19 24 -66 88
-104 143 l-69 100 49 -35 c27 -19 116 -115 199 -214 497 -590 811 -917 944
-982 54 -27 73 -25 73 5 0 11 -139 154 -337 347 -185 181 -386 383 -447 449
-60 66 -130 142 -155 169 -25 27 -39 45 -30 40 63 -36 412 -319 707 -575 358
-310 392 -333 392 -275 0 12 -11 37 -25 56 -14 19 -25 35 -25 37 0 1 100 -72
223 -164 388 -290 679 -472 814 -509 76 -21 93 -15 93 29 0 33 -5 37 -627 451
-418 279 -726 493 -927 644 -317 237 -646 491 -646 497 0 3 20 -5 45 -15 25
-11 64 -28 88 -39 240 -105 697 -329 886 -436 703 -395 1208 -645 1486 -735
101 -33 228 -49 253 -32 21 14 3 71 -28 87 -15 8 -214 98 -443 199 -228 102
-443 202 -478 222 -91 54 -532 268 -739 359 -96 43 -229 104 -295 137 -146 73
-665 352 -661 356 5 5 521 -112 1021 -232 354 -84 590 -147 900 -241 231 -70
530 -160 665 -201 135 -41 322 -97 416 -125 l171 -52 32 24 c17 12 31 26 31
31 0 4 -14 24 -32 44 -40 45 -225 136 -393 192 -449 151 -1096 300 -2365 547
-692 134 -673 130 -745 170 -33 19 -57 35 -53 35 29 0 651 -58 968 -91 364
-38 613 -75 1620 -243 76 -13 87 -12 103 2 23 20 22 34 -6 60 -102 96 -617
179 -1527 247 -312 23 -986 65 -1046 65 -126 0 -33 18 274 53 612 69 1231 126
1502 137 146 5 371 15 500 20 129 5 359 14 510 20 151 5 321 13 377 16 101 6
102 6 122 37 24 38 16 52 -44 78 -72 31 -189 43 -435 41 -496 -2 -1079 -65
-2618 -282 -309 -44 -575 -80 -590 -80 -16 0 -33 5 -39 11 -6 6 -17 8 -23 4
-9 -6 -9 -9 0 -15 7 -4 -4 -10 -26 -13 -21 -4 -40 -4 -43 -1 -8 7 22 33 44 37
11 2 27 7 35 10 49 20 135 39 205 47 44 5 177 36 295 70 118 34 326 88 462
120 136 33 363 89 505 124 142 36 371 88 508 116 212 43 253 55 270 74 11 13
40 28 65 35 121 33 434 137 557 187 157 63 259 119 298 166 l27 32 -26 23 -26
22 -228 -78 c-125 -43 -443 -153 -707 -245 -504 -174 -878 -285 -1711 -506
-230 -62 -436 -121 -457 -132 -22 -11 -41 -17 -43 -15 -16 16 119 98 431 259
592 307 900 452 1523 718 607 258 612 261 612 310 0 22 -77 23 -168 2 -272
-62 -783 -311 -1893 -923 -169 -93 -310 -169 -314 -169 -4 0 94 105 217 233
962 1002 1390 1518 1415 1706 l6 41 -36 0 c-36 0 -40 -5 -438 -517 -404 -519
-620 -776 -1113 -1320 -120 -134 -223 -243 -229 -243 -6 0 -6 5 0 12 64 82
482 635 583 773 375 510 560 845 467 845 -18 0 -61 -63 -262 -392 -223 -364
-423 -664 -668 -1000 -55 -76 -101 -138 -104 -138 -2 0 94 195 214 433 613
1211 896 1846 973 2185 15 65 17 169 3 183 -14 14 -61 1 -72 -20 -5 -9 -125
-317 -266 -686 -200 -521 -298 -760 -440 -1075 -178 -394 -521 -1130 -532
-1140 -12 -12 19 95 199 679 367 1195 491 1666 528 2007 13 120 2 220 -26 231
-24 9 -61 -23 -67 -59 -3 -18 -62 -313 -131 -655 -102 -504 -147 -699 -236
-1035 -122 -460 -283 -1034 -292 -1044 -4 -3 -4 12 -2 33 7 61 72 851 86 1048
7 99 13 315 13 480 0 257 -3 309 -18 364 -22 80 -32 94 -57 79 -18 -12 -19
-35 -14 -578 3 -311 2 -608 -3 -660 -5 -61 -8 123 -9 520 -1 911 -34 1333
-114 1491 -26 49 -45 58 -72 31 l-21 -20 61 -694 c57 -642 62 -726 72 -1143
14 -593 16 -755 9 -755 -11 0 -39 184 -59 390 -67 676 -127 1076 -191 1275
-26 83 -56 135 -78 135 -34 0 -29 -34 69 -520 93 -460 130 -681 73 -440 -222
945 -358 1372 -469 1470 l-37 32 -18 -23 c-10 -13 -19 -28 -19 -33 0 -5 43
-142 96 -305 53 -163 144 -447 204 -631 60 -184 136 -441 169 -570 103 -396
191 -749 190 -762 0 -14 -14 32 -200 666 -360 1227 -583 1846 -745 2066 -23
32 -52 61 -63 65 -23 7 -144 104 -461 370 -263 220 -277 234 -591 570 -138
149 -329 351 -423 449 -94 99 -164 176 -156 171 8 -5 67 -47 130 -94 213 -157
601 -487 997 -848 133 -121 219 -193 232 -193 12 0 21 3 21 8 0 18 -344 340
-573 536 -70 60 -127 110 -127 112 0 2 71 -43 158 -100 229 -150 540 -338 842
-511 276 -157 294 -167 304 -158 9 9 -22 60 -40 67 -9 3 -143 81 -298 173
-960 567 -1869 1167 -1840 1214 2 4 -5 11 -17 14 -17 6 -19 9 -8 16 11 7 10 9
-3 9 -10 0 -18 5 -18 10 0 14 11 12 34 -5 15 -11 16 -15 5 -16 -8 0 3 -7 23
-14 39 -14 128 -64 128 -71 0 -2 -27 9 -60 26 -60 30 -110 43 -55 13 17 -8
123 -73 236 -144 113 -70 213 -131 222 -135 9 -3 17 -16 17 -28 0 -33 8 -36
44 -19 l33 15 240 -150 c146 -90 343 -225 497 -341 141 -105 261 -191 266
-191 6 0 10 4 10 8 0 15 -25 38 -82 76 -31 21 -71 51 -90 68 -37 32 -32 30
399 -236 150 -92 281 -166 290 -164 10 2 19 10 21 19 5 25 -457 315 -1158 728
-190 112 -351 209 -358 215 -10 10 -7 17 13 36 l25 24 58 -24 c223 -91 711
-317 1162 -537 282 -137 350 -163 350 -132 0 14 -41 37 -303 170 -179 91 -240
126 -247 144 -15 40 -98 94 -280 182 -139 67 -501 231 -627 283 -28 12 -29 22
-3 45 20 18 28 16 338 -87 472 -158 567 -194 580 -224 13 -27 32 -32 32 -9 0
8 4 15 8 15 4 0 95 -34 202 -75 133 -51 198 -71 205 -64 7 7 3 16 -12 29 -21
16 -23 27 -23 107 0 125 27 535 45 682 21 165 37 273 41 269 2 -2 12 -267 24
-588 11 -322 24 -600 28 -619 9 -44 29 -50 43 -14 13 32 7 341 -12 636 -9 147
-9 180 2 194 11 12 15 72 19 246 l5 229 112 -368 c62 -203 142 -490 179 -637
37 -148 74 -278 84 -289 17 -21 17 -21 33 12 10 18 17 50 17 70 0 47 -53 241
-134 489 -36 108 -108 350 -162 539 -80 282 -100 342 -115 342 -15 0 -16 -5
-7 -36 17 -62 3 -47 -21 22 -21 61 -22 115 -3 114 16 -1 81 -105 214 -343 141
-253 172 -313 255 -506 l44 -104 -32 -33 c-26 -27 -30 -37 -21 -46 10 -10 19
-9 44 5 17 10 31 16 32 15 1 -2 9 -20 19 -40 19 -44 52 -53 45 -13 -3 14 -4
25 -2 25 2 0 19 -29 40 -65 l36 -66 -61 -63 c-59 -63 -87 -108 -75 -127 10
-17 22 -9 94 57 46 41 76 62 82 56 5 -5 28 -42 51 -83 23 -41 49 -74 57 -74
26 0 15 66 -24 144 -20 41 -33 77 -29 81 4 3 44 38 88 76 257 225 318 271 423
318 56 25 104 46 107 46 2 0 -2 -19 -10 -41 -8 -23 -15 -54 -15 -70 0 -60 36
-24 76 74 14 38 34 73 43 78 32 20 525 238 529 235 8 -9 -137 -120 -299 -230
-148 -99 -176 -121 -171 -138 3 -12 13 -23 24 -25 10 -3 18 -8 18 -12 0 -4
-72 -78 -160 -166 -89 -88 -246 -259 -349 -380 -104 -121 -227 -260 -273 -310
-96 -101 -116 -131 -99 -148 7 -7 14 -7 20 -1 4 5 100 112 212 239 374 421
838 915 860 915 4 0 9 -7 13 -15 7 -20 35 -19 68 3 14 9 100 73 189 142 264
202 263 201 -131 -155 -140 -126 -319 -293 -399 -370 -123 -120 -143 -144
-137 -163 4 -12 19 -25 32 -28 22 -6 46 15 210 182 l185 189 -105 -127 c-58
-69 -146 -163 -195 -208 -49 -44 -122 -117 -162 -162 -69 -76 -72 -82 -62
-109 10 -25 8 -33 -11 -57 -119 -143 -526 -707 -526 -728 0 -17 31 -18 51 -1
9 6 53 64 99 127 47 63 190 254 320 424 222 292 253 329 563 653 181 189 330
343 333 343 4 0 -184 -286 -224 -340 -14 -19 -91 -118 -170 -219 -80 -101
-182 -235 -227 -297 l-83 -113 10 -44 9 -44 -119 -189 c-228 -362 -354 -575
-348 -590 3 -9 15 -14 27 -12 15 2 71 83 211 303 104 165 207 328 229 362 36
57 41 62 59 51 17 -11 23 -10 39 7 10 11 202 293 426 628 224 334 409 607 411
607 5 0 -24 -67 -61 -140 -18 -36 -162 -251 -320 -479 -157 -227 -290 -424
-295 -437 -7 -17 -5 -28 6 -39 24 -24 52 -18 85 18 29 31 230 325 297 435 21
33 39 52 51 52 19 0 71 52 71 71 0 29 93 223 168 351 48 81 88 146 89 145 1
-2 -23 -70 -53 -152 -32 -86 -165 -380 -310 -685 -187 -391 -253 -539 -246
-550 5 -8 23 -16 39 -18 24 -2 36 3 53 25 17 20 21 22 16 8 -4 -11 -66 -180
-138 -375 -71 -195 -164 -447 -205 -560 -41 -113 -88 -236 -105 -274 -17 -40
-26 -72 -21 -77 5 -5 28 3 54 19 38 25 51 42 83 113 94 205 329 861 646 1804
76 226 139 406 139 400 1 -5 -17 -93 -39 -195 -54 -248 -120 -605 -165 -885
-20 -126 -48 -267 -61 -313 -18 -59 -22 -87 -15 -96 7 -9 4 -58 -10 -162 -29
-219 -79 -662 -79 -705 0 -47 13 -56 37 -25 15 19 27 85 56 322 65 509 115
841 159 1039 23 105 43 192 44 193 1 2 18 -2 37 -9 32 -11 35 -16 31 -43 -2
-17 -22 -157 -44 -311 -47 -332 -60 -452 -60 -539 0 -79 6 -96 34 -96 51 0 53
8 71 275 47 738 75 999 131 1237 25 106 48 195 51 198 3 3 3 -17 0 -45 -4 -27
-13 -133 -22 -235 -9 -102 -43 -405 -76 -673 -33 -269 -58 -495 -55 -503 4 -9
13 -13 23 -10 17 5 18 -7 18 -164 0 -189 3 -199 57 -184 l33 10 3 94 c1 52 29
561 63 1130 54 921 63 1045 83 1125 l23 90 7 -45 c5 -28 -18 -396 -59 -960
-72 -998 -73 -1023 -55 -1045 15 -18 69 -20 74 -2 2 6 9 221 16 477 9 370 24
819 41 1255 0 17 14 -78 30 -210 26 -212 31 -290 38 -670 11 -519 20 -755 31
-815 6 -32 18 -53 41 -74 l34 -30 5 -220 5 -221 36 -3 c52 -4 62 14 60 104 -2
58 2 80 14 94 14 15 14 26 4 84 -23 133 -2 71 35 -102 51 -241 123 -554 136
-586 12 -32 27 -33 41 -3 9 19 -3 89 -59 353 -39 181 -96 455 -126 609 -113
573 -112 568 -145 1085 -17 261 -33 502 -37 535 -3 33 -3 58 -1 55 3 -3 24
-61 47 -130 24 -69 53 -153 66 -188 23 -61 113 -545 227 -1217 l52 -310 35 0
c27 0 37 6 49 26 14 24 6 64 -102 555 -64 291 -117 534 -117 539 1 6 21 -39
45 -99 39 -95 58 -174 155 -645 141 -685 131 -639 146 -652 18 -15 61 -3 73
19 9 17 -40 244 -140 651 -11 46 -19 85 -17 86 2 2 43 -87 92 -198 87 -197
221 -484 326 -699 52 -107 74 -129 85 -85 4 16 -23 85 -91 232 -269 585 -314
693 -354 856 -50 201 -265 965 -317 1129 -3 8 52 -84 122 -205 l127 -220 215
-550 c118 -302 222 -570 231 -594 21 -56 36 -61 61 -21 19 31 19 32 -5 73 -43
79 -163 356 -178 414 -8 32 -35 114 -60 183 -25 68 -44 125 -43 126 8 8 250
-393 312 -517 205 -409 333 -632 379 -660 61 -37 83 -20 45 36 -26 39 -105
198 -82 165 72 -100 104 -140 113 -140 5 0 10 15 10 33 0 25 -41 93 -197 322
l-196 290 -443 852 c-244 468 -455 876 -469 905 -35 72 -6 34 63 -84 57 -97
99 -137 119 -117 17 17 164 -253 432 -788 94 -189 176 -343 181 -343 21 0 7
34 -89 232 -54 112 -121 250 -149 308 -28 58 -122 224 -210 370 -192 319 -241
396 -252 393 -5 -2 -7 3 -4 11 3 8 0 17 -7 22 -8 5 -10 3 -4 -7 18 -31 -17 11
-110 136 -87 116 -151 222 -141 232 4 4 106 -58 106 -64 0 -2 -6 -1 -12 3 -7
4 4 -11 24 -32 20 -21 163 -241 317 -489 154 -247 292 -465 306 -482 27 -33
58 -43 70 -23 8 14 -67 136 -262 430 -90 135 -154 234 -143 220 12 -14 160
-196 330 -405 663 -817 1047 -1280 1063 -1283 26 -5 31 24 10 52 -97 126 -220
280 -390 488 -112 136 -203 252 -203 257 0 16 -99 159 -206 298 -58 76 -111
145 -117 153 -13 19 272 -267 542 -543 165 -170 205 -206 217 -196 8 6 14 20
14 30 0 11 3 19 8 19 4 1 63 -58 132 -129 120 -125 170 -162 170 -126 0 27
-205 247 -784 839 -434 444 -673 663 -881 810 l-40 28 31 -29 c17 -15 79 -70
137 -121 59 -52 107 -96 107 -98 0 -7 -338 276 -388 324 -47 45 -49 58 -8 48
33 -8 84 -50 441 -360 632 -549 585 -510 585 -485 0 39 -136 175 -375 374
-139 115 -171 144 -145 130 8 -5 188 -139 400 -298 389 -293 454 -345 748
-605 131 -116 163 -140 169 -126 7 19 -6 32 -225 222 l-142 123 16 25 c16 23
16 26 -7 50 -12 13 -77 62 -143 108 -67 47 -134 99 -151 116 -35 38 -179 148
-320 245 -55 38 -140 99 -190 136 -123 90 -262 183 -370 246 -49 29 -85 53
-80 53 33 -1 101 -24 142 -49 27 -15 220 -128 430 -250 402 -232 438 -248 463
-202 17 33 12 41 -47 67 -83 36 -793 387 -790 390 1 2 70 -12 152 -29 168 -36
181 -42 475 -220 243 -147 562 -357 796 -523 34 -24 64 -41 68 -37 36 36 -95
148 -346 298 -60 35 -98 64 -98 74 0 23 -47 120 -77 160 l-26 33 23 -7 c13 -4
138 -61 278 -127 236 -110 290 -128 280 -95 -5 15 -140 84 -435 219 -191 88
-245 117 -300 164 -128 109 -290 203 -468 271 -49 19 -92 37 -95 39 -2 3 25 4
60 3 99 -2 398 -84 748 -204 173 -59 177 -60 218 -45 26 10 26 11 9 30 -9 10
-54 32 -100 49 -107 39 -757 203 -1000 252 -104 22 -208 43 -230 47 l-40 8 60
12 c33 7 72 19 88 27 17 9 88 19 183 26 181 14 351 1 437 -31 53 -20 72 -16
61 14 -16 43 -148 71 -306 64 -53 -2 -95 -2 -93 0 2 2 114 27 249 56 203 44
251 58 281 80 19 15 35 31 35 37 0 15 -81 10 -186 -11 -55 -11 -263 -64 -464
-119 -486 -131 -527 -141 -607 -141 l-68 1 31 27 c36 34 287 146 437 196 142
48 274 70 333 58 50 -11 66 0 40 26 -51 51 -369 -30 -665 -169 -111 -53 -115
-54 -106 -40 3 6 -3 15 -12 20 -17 10 -16 13 9 34 32 26 301 163 498 253 97
44 139 69 150 87 18 32 10 41 -37 39 -48 -2 -147 -51 -382 -191 -140 -84 -178
-103 -165 -82 10 14 73 109 140 210 68 102 122 186 120 188 -10 10 -66 -24
-110 -66 -117 -111 -227 -221 -295 -296 -72 -78 -74 -79 -68 -45 11 57 37 339
37 391 0 27 -4 49 -9 49 -17 0 -50 -84 -65 -166 -8 -44 -20 -150 -27 -235 -9
-125 -15 -159 -31 -182 -11 -16 -21 -27 -23 -25 -1 2 8 55 21 118 25 121 31
234 14 245 -31 19 -63 -62 -89 -219 l-17 -101 -22 87 c-35 138 -80 252 -117
295 l-33 38 -13 -28 c-11 -24 -10 -39 10 -105 12 -42 42 -124 66 -181 25 -58
43 -106 42 -108 -2 -1 -17 12 -34 30 -24 26 -36 54 -58 144 -28 116 -70 218
-98 242 -15 12 -17 11 -17 -5 1 -11 7 -48 15 -84 17 -79 18 -83 5 -75 -13 8
-13 5 5 -45 23 -64 19 -65 -37 -17 -139 118 -322 248 -371 262 -59 17 -77 19
-77 5 0 -13 40 -49 75 -67 42 -22 146 -95 141 -100 -2 -2 -28 7 -57 21 -51 23
-168 52 -304 76 -103 18 -323 23 -450 11 -252 -25 -536 -102 -775 -211 -291
-132 -336 -151 -305 -124 61 51 230 158 334 210 225 112 393 153 666 161 99 3
190 10 203 14 46 18 14 62 -53 73 -78 13 -403 -44 -575 -101 -215 -71 -475
-227 -657 -395 -28 -26 -57 -48 -64 -48 -20 0 8 26 131 124 384 308 748 508
1059 582 36 9 129 19 206 24 145 7 205 24 205 56 0 24 -68 46 -160 51 -280 16
-681 -164 -1132 -510 -169 -129 -169 -129 -108 -57 91 108 329 347 430 432
223 188 453 315 638 353 81 17 150 48 159 71 3 8 -1 22 -8 30 -11 14 -28 16
-99 11 -246 -17 -520 -186 -856 -528 -152 -156 -277 -301 -416 -484 -104 -137
-190 -218 -252 -239 -27 -9 -52 -14 -54 -11 -3 2 -7 69 -10 147 -4 142 -4 145
66 538 209 1168 252 1412 252 1437 0 61 -31 68 -49 10 -6 -17 -69 -401 -141
-852 -72 -451 -133 -821 -134 -823 -5 -4 -24 484 -46 1198 -12 366 -21 495
-39 513 -39 39 -38 -45 11 -968 l49 -900 -18 -122 c-9 -68 -20 -119 -23 -115
-4 4 -17 44 -29 89 -23 88 -23 80 -81 1348 -21 461 -26 515 -47 522 -35 12
-34 -53 17 -812 27 -413 50 -763 49 -780 0 -31 -27 65 -174 620 -229 869 -227
865 -246 865 -5 0 -12 -7 -16 -16 -5 -13 -10 -9 -22 16 -21 44 -38 48 -46 11
-5 -23 41 -194 190 -708 109 -373 212 -729 230 -792 18 -62 30 -109 25 -105
-4 5 -164 315 -355 689 -352 689 -388 755 -405 755 -6 0 -10 -17 -10 -37 0
-30 79 -185 409 -798 347 -646 441 -830 441 -864 0 -14 -40 55 -100 173 -175
346 -573 938 -1039 1549 -138 181 -164 203 -177 151 -9 -36 2 -56 105 -178
305 -360 611 -769 820 -1094 84 -131 234 -392 229 -397 -2 -3 -22 17 -43 43
-124 149 -293 327 -403 425 -69 62 -200 180 -291 262 -405 366 -683 605 -705
605 -9 0 -19 -7 -22 -15 -14 -36 9 -66 119 -151 119 -93 365 -291 382 -307 6
-5 -13 3 -42 17 -29 14 -65 26 -79 26 l-27 0 24 -26 c13 -14 86 -71 162 -126
289 -209 576 -445 710 -583 126 -129 249 -274 243 -284 -4 -5 7 -19 24 -31 29
-21 69 -80 53 -80 -5 1 -48 39 -98 86 -74 71 -82 80 -42 54 88 -58 61 -23 -51
66 -60 47 -162 123 -225 168 -64 44 -184 133 -269 197 -376 286 -686 448 -890
465 -60 5 -76 4 -86 -9 -23 -27 1 -53 60 -67 94 -22 254 -79 377 -134 114 -51
374 -187 368 -192 -2 -2 -61 22 -132 52 -164 71 -293 114 -339 114 -73 0 -34
-30 131 -100 56 -24 101 -46 99 -47 -2 -2 -32 3 -67 11 -102 23 -219 38 -245
32 -17 -5 -24 -13 -24 -31 0 -30 20 -39 104 -49 121 -14 372 -87 556 -163 131
-54 309 -147 415 -218 90 -60 245 -182 245 -192 0 -3 -26 10 -57 28 -508 286
-996 492 -1289 543 -154 27 -317 17 -331 -20 -11 -30 21 -41 157 -53 116 -10
386 -53 395 -63 2 -2 -76 -3 -173 -4 -199 0 -275 -14 -444 -79 -100 -39 -128
-58 -128 -87 0 -31 26 -31 112 1 323 119 707 128 1066 25 74 -21 281 -104 287
-115 3 -4 -32 5 -77 20 -128 43 -290 79 -433 96 -208 24 -418 16 -452 -18 -16
-15 -15 -18 1 -36 16 -18 28 -19 149 -14 263 11 599 -40 887 -134 106 -34 337
-139 328 -148 -3 -3 -56 11 -119 30 -305 96 -545 136 -814 136 -341 0 -579
-65 -808 -219 -86 -59 -101 -75 -92 -101 10 -33 29 -30 91 11 133 91 377 191
543 222 206 39 522 44 712 11 104 -18 222 -45 231 -54 4 -3 -66 -7 -155 -7
-95 -1 -209 -8 -277 -18 -145 -22 -382 -82 -525 -134 -168 -61 -153 -57 -128
-35 25 21 40 68 24 77 -11 7 -62 -16 -96 -43 -59 -47 -390 -401 -542 -581 -2
-2 -1 16 3 40 4 27 34 95 72 165 55 103 86 151 158 254 17 23 27 61 16 61 -4
0 -28 -16 -51 -37 -36 -30 -63 -77 -175 -302 -73 -146 -142 -290 -155 -319
-12 -30 -24 -52 -25 -50 -2 1 1 55 6 118 15 175 0 310 -34 310 -8 0 -10 -69
-5 -255 3 -140 3 -256 -2 -259 -4 -3 -13 23 -21 57 -17 78 -75 293 -90 331
-23 61 -19 13 10 -125 16 -79 39 -175 50 -214 25 -88 26 -99 2 -86 -10 5 -35
42 -56 82 -84 161 -256 433 -256 405 0 -12 119 -245 158 -308 61 -99 67 -116
26 -68 -164 193 -277 284 -412 336 -54 20 -104 43 -112 49 -30 25 -62 36 -237
84 -390 106 -819 254 -861 295 -18 19 287 -45 798 -168 106 -25 149 -32 163
-24 10 5 16 16 13 24 -3 8 -1 14 4 14 28 0 266 -92 387 -151 78 -37 160 -73
182 -80 87 -26 95 19 17 95 -96 94 -313 190 -558 246 -75 17 -97 26 -101 41
-3 10 -18 24 -34 30 -15 6 -161 28 -323 50 l-295 39 165 -5 c203 -5 347 -30
528 -90 144 -49 179 -54 189 -29 9 23 -6 43 -61 81 -58 40 -56 40 136 12 131
-19 236 -38 455 -85 66 -15 85 -16 95 -6 20 20 -3 45 -68 71 -122 49 -501 113
-754 126 -63 4 -173 13 -245 20 -71 8 -219 18 -328 21 -109 4 -194 10 -190 15
12 11 283 57 403 68 58 5 221 9 362 7 203 -1 258 1 262 11 15 37 -98 62 -280
63 -72 0 -123 5 -145 14 -29 12 -30 14 -11 20 11 4 79 11 149 15 315 21 585
-36 816 -173 82 -48 127 -66 168 -66 68 0 40 39 -70 96 -59 31 -59 32 -35 43
38 17 28 51 -24 79 -73 40 -347 82 -538 82 -29 0 -54 5 -54 10 0 6 5 10 10 10
21 0 9 40 -17 57 -21 14 -53 19 -150 22 -98 2 -123 6 -123 17 0 40 -141 41
-345 4 -55 -10 -102 -16 -103 -15 -12 11 98 50 201 72 100 22 149 26 272 26
173 0 261 -15 400 -70 92 -37 194 -50 202 -27 5 16 -103 62 -215 90 -186 47
-401 53 -627 18 -26 -4 -25 -2 12 15 23 11 63 23 90 26 72 10 83 15 83 35 0
29 286 128 515 179 158 35 255 44 465 45 180 1 209 3 233 19 62 40 -15 78
-200 99 -267 31 -656 -63 -1068 -257 -95 -44 -401 -133 -388 -112 3 5 51 39
108 76 216 143 449 241 617 260 135 15 194 49 154 89 -27 27 -188 21 -301 -12
-206 -61 -456 -213 -710 -433 -44 -38 -118 -91 -164 -118 -81 -49 -198 -135
-303 -225 -88 -74 173 202 469 497 295 295 318 312 461 352 85 23 139 48 146
66 9 24 -21 37 -74 33 -27 -1 -50 -1 -49 2 0 8 176 152 294 241 141 106 262
184 352 227 40 18 77 40 83 47 31 38 -34 46 -121 16 -169 -58 -383 -210 -686
-490 -73 -67 -172 -148 -220 -181 -106 -70 -233 -183 -343 -305 -45 -50 -87
-94 -92 -100 -21 -21 14 36 140 226 243 365 417 578 585 716 56 46 21 66 -51
29 -169 -86 -418 -421 -767 -1032 -165 -288 -281 -461 -330 -492 -23 -14 -33
-27 -28 -35 4 -7 6 -24 4 -39 -3 -32 5 -35 32 -10 11 9 17 11 13 4 -5 -8 -1
-21 10 -33 9 -10 12 -19 6 -19 -6 0 -14 5 -17 10 -3 6 -13 10 -22 10 -15 0
-15 -2 0 -18 15 -17 13 -19 -33 -44 -28 -15 -50 -25 -50 -23 0 2 5 16 11 32
12 31 13 107 1 110 -10 4 -2 195 9 209 5 6 20 65 33 130 27 133 111 510 157
709 35 151 30 127 194 828 105 446 125 545 118 574 -12 50 -28 51 -52 4z
m-552 -1772 c43 -451 48 -524 37 -570 -6 -30 -14 -49 -18 -44 -3 6 -17 49 -32
96 -25 82 -26 104 -36 425 -5 187 -11 436 -14 554 -6 262 -3 245 63 -461z
m4450 181 c0 -9 -4 -8 -9 5 -5 11 -9 27 -9 35 0 9 4 8 9 -5 5 -11 9 -27 9 -35z
m105 -367 c92 -324 117 -426 102 -412 -7 7 -7 8 -125 444 -77 286 -86 324 -77
314 2 -2 47 -158 100 -346z m-4624 -247 c0 -18 -4 -26 -9 -20 -8 9 -132 438
-130 452 2 18 138 -406 139 -432z m-1433 373 c115 -29 341 -103 352 -115 3 -4
-5 -4 -19 -1 -14 4 -50 11 -80 17 -30 7 -129 35 -220 64 -91 30 -181 58 -200
64 -70 22 48 2 167 -29z m2122 -69 c-45 -49 -84 -90 -87 -90 -6 0 28 39 107
123 85 88 72 68 -20 -33z m356 -72 c-113 -65 -282 -144 -266 -124 42 50 151
125 211 144 145 46 160 41 55 -20z m-1840 -119 c95 -29 198 -79 165 -79 -36 0
-308 108 -275 110 6 0 56 -14 110 -31z m2116 15 c-179 -25 -319 -67 -516 -157
-55 -25 -116 -48 -135 -52 -28 -5 -15 6 65 56 116 73 130 78 289 114 143 32
283 53 351 53 34 0 18 -4 -54 -14z m5199 -2 c0 -33 32 -49 180 -92 80 -23 235
-71 345 -107 l200 -65 62 -66 c34 -37 60 -68 58 -70 -1 -2 -36 19 -76 46 -149
100 -251 142 -285 117 -15 -11 -11 -13 30 -19 58 -9 188 -74 283 -142 l68 -48
-43 -8 c-24 -4 -54 -3 -68 2 -42 16 -386 102 -449 112 -33 5 -100 21 -150 34
-382 101 -789 94 -1249 -22 -54 -14 -100 -23 -103 -20 -13 13 256 106 445 154
150 38 349 38 532 -1 209 -44 247 -44 238 -2 -5 30 -50 55 -123 69 l-70 14 90
3 c83 4 90 6 93 25 2 13 -4 24 -15 28 -63 25 -303 13 -512 -24 -177 -31 -179
-31 -107 -5 161 58 390 102 539 104 78 1 87 -1 87 -17z m300 -12 c89 -21 197
-59 265 -93 41 -20 95 -65 95 -78 0 -4 -54 15 -121 42 -66 27 -175 70 -242 95
-67 25 -124 48 -126 50 -11 10 51 2 129 -16z m-6160 -46 c-34 -35 -81 -69
-125 -90 l-70 -35 40 36 c38 35 194 145 204 145 3 0 -19 -25 -49 -56z m-1805
25 l80 -13 -63 -7 c-49 -6 -86 -3 -175 17 l-112 24 95 -4 c52 -2 131 -10 175
-17z m2720 -18 c59 -6 58 -7 -50 -14 -130 -10 -281 -30 -385 -52 -117 -25
-242 -43 -233 -35 24 23 288 92 393 103 58 6 211 5 275 -2z m-1731 -157 c21
-31 36 -57 34 -59 -3 -3 -178 164 -178 171 0 2 24 -11 53 -27 34 -20 66 -50
91 -85z m-508 56 c51 -17 182 -89 163 -90 -45 -2 -223 39 -324 75 l-130 46
115 -6 c76 -3 134 -12 176 -25z m8696 -65 c-41 -76 -56 -94 -111 -133 -42 -30
-62 -40 -60 -29 4 16 211 259 216 253 1 -1 -19 -42 -45 -91z m-650 -3 c151
-128 156 -143 23 -77 -68 35 -99 57 -127 93 -33 41 -35 48 -20 54 9 4 20 7 24
7 4 1 49 -34 100 -77z m-8374 12 c-3 -3 -39 -10 -80 -15 -40 -6 -113 -21 -163
-33 -58 -16 -134 -26 -215 -30 -69 -4 -156 -11 -194 -16 -38 -6 -71 -8 -74 -6
-13 13 260 81 386 96 79 9 348 13 340 4z m738 -43 c37 -15 104 -63 104 -75 0
-11 -81 25 -134 60 -31 20 -56 39 -56 41 0 5 31 -4 86 -26z m-157 -7 c14 -12
-19 -1 -35 12 -18 14 -18 14 6 3 14 -6 27 -13 29 -15z m878 1 c-15 -14 -36
-25 -45 -25 -10 0 -4 9 18 25 45 31 63 31 27 0z m382 21 c-9 -9 -262 -97 -266
-93 -4 5 72 36 187 76 51 18 89 26 79 17z m-1342 -25 c36 -7 145 -71 159 -92
4 -7 -236 89 -245 97 -7 7 41 4 86 -5z m497 -70 c-7 -7 -21 12 -29 39 -6 23
-5 23 14 -5 11 -16 18 -31 15 -34z m6373 49 c147 -20 313 -63 313 -83 0 -7 -4
-18 -9 -25 -12 -20 -156 2 -273 43 -130 45 -188 56 -342 65 l-131 7 182 1
c100 1 217 -3 260 -8z m-6667 -37 c25 -13 56 -32 70 -43 24 -19 24 -20 4 -20
-19 0 -133 66 -159 92 -16 16 33 -1 85 -29z m860 33 c0 -2 -15 -14 -34 -25
-36 -22 -72 -28 -60 -10 11 19 94 49 94 35z m5343 -3 c-7 -2 -21 -2 -30 0 -10
3 -4 5 12 5 17 0 24 -2 18 -5z m1531 -57 c42 -19 76 -38 76 -43 0 -4 3 -18 6
-30 6 -21 3 -23 -39 -23 -40 0 -47 3 -69 38 -54 82 -60 92 -55 92 3 0 40 -15
81 -34z m-7364 3 c0 -6 -4 -7 -10 -4 -5 3 -10 11 -10 16 0 6 5 7 10 4 6 -3 10
-11 10 -16z m46 -47 c-12 -11 -16 6 -9 39 l8 34 3 -33 c2 -19 1 -36 -2 -40z
m4747 -96 c21 -21 21 -24 3 -42 -23 -22 -49 -18 -43 7 3 13 -1 28 -9 37 -8 8
-12 22 -9 31 4 9 12 43 18 76 l12 60 5 -76 c4 -54 10 -81 23 -93z m-4982 118
c17 -21 -5 -17 -32 5 -24 20 -24 20 -2 14 12 -3 28 -11 34 -19z m434 -4 c-10
-11 -25 -20 -33 -20 -12 0 -12 4 3 20 10 11 25 20 33 20 12 0 12 -4 -3 -20z
m140 10 c-3 -6 -21 -17 -38 -26 l-32 -17 24 27 c23 25 59 37 46 16z m7495 -10
c0 -6 -21 -33 -46 -60 -45 -48 -75 -63 -73 -37 1 29 18 50 59 77 50 32 60 35
60 20z m-7150 -9 c51 -6 45 -7 -94 -24 -82 -10 -152 -18 -155 -19 -41 -4 -39
6 4 26 53 26 130 31 245 17z m5135 -15 c20 -9 103 -19 197 -26 90 -6 187 -16
217 -21 30 -6 89 -11 131 -10 42 1 165 -6 273 -14 148 -11 203 -19 223 -31 14
-9 21 -20 17 -24 -16 -15 -182 -49 -290 -59 -145 -15 -236 -42 -265 -81 -11
-16 -28 -32 -35 -35 -22 -8 -71 43 -66 69 7 32 -15 45 -105 61 -45 8 -112 23
-149 35 -146 45 -284 62 -568 69 l-270 6 115 22 c260 51 506 68 575 39z
m-6257 -5 c30 -19 -46 -27 -123 -14 l-40 8 45 6 c70 9 104 9 118 0z m7132 -7
l25 -15 -34 5 c-18 3 -45 6 -60 6 -20 0 -23 2 -11 10 21 14 51 12 80 -6z m245
-25 c44 -15 46 -18 20 -18 -39 -1 -96 15 -120 34 -19 14 -18 14 15 8 19 -3 58
-14 85 -24z m-7170 -5 c39 -25 18 -36 -26 -14 -21 11 -39 23 -39 25 0 11 42 4
65 -11z m4904 -59 c0 -5 -8 1 -19 15 -11 14 -19 34 -19 45 0 15 5 11 19 -15
11 -19 19 -39 19 -45z m2831 54 c18 -15 20 -19 7 -15 -10 3 -25 6 -33 6 -8 0
-14 7 -14 15 0 20 10 19 40 -6z m-3177 -20 c39 -6 94 -22 122 -35 l50 -24 -70
5 c-318 24 -391 26 -536 16 -85 -6 -182 -16 -217 -22 -103 -18 -81 -3 31 20
228 48 467 64 620 40z m3357 -14 c0 -16 -27 -32 -37 -21 -7 7 16 36 28 36 5 0
9 -7 9 -15z m-8120 -5 c11 -7 -3 -10 -45 -9 -43 0 -54 3 -40 9 27 12 67 12 85
0z m1220 -25 c122 -19 225 -37 229 -41 3 -4 -5 -4 -19 -1 -14 4 -95 9 -180 13
-119 4 -164 10 -195 24 -22 10 -51 23 -65 29 -42 17 -3 13 230 -24z m6638 23
c-3 -7 -20 -13 -38 -13 -18 0 -35 6 -37 13 -3 8 8 12 37 12 29 0 40 -4 38 -12z
m-115 -5 c-7 -2 -21 -2 -30 0 -10 3 -4 5 12 5 17 0 24 -2 18 -5z m-6878 -19
c30 -14 30 -14 -19 -9 -27 3 -55 5 -63 5 -8 0 -11 5 -8 10 9 14 55 12 90 -6z
m-425 -15 c-7 -11 -14 -19 -16 -16 -7 7 7 37 17 37 6 0 5 -9 -1 -21z m7188 -5
c29 -12 72 -44 59 -44 -3 0 -14 -3 -24 -6 -14 -5 -15 -4 -4 4 9 7 -8 8 -54 4
-54 -4 -75 -1 -101 13 -19 10 -34 21 -34 25 0 11 82 28 105 22 11 -2 35 -10
53 -18z m655 19 c-7 -2 -21 -2 -30 0 -10 3 -4 5 12 5 17 0 24 -2 18 -5z
m-7580 -10 c-7 -2 -19 -2 -25 0 -7 3 -2 5 12 5 14 0 19 -2 13 -5z m5205 -33
c169 -22 332 -45 362 -51 99 -19 374 -139 352 -153 -5 -3 -184 23 -398 59
-309 51 -430 76 -589 120 -110 30 -204 57 -210 59 -5 3 32 5 83 5 56 1 217
-15 400 -39z m1807 30 c17 -7 17 -9 4 -14 -8 -4 -31 0 -50 8 l-34 15 30 0 c17
0 39 -4 50 -9z m-7208 -58 c16 -62 16 -72 -2 -66 -10 4 -15 20 -15 49 0 24 -5
47 -10 50 -6 4 -8 11 -4 16 9 15 17 3 31 -49z m4098 48 c-147 -9 -293 -32
-407 -65 -43 -12 -78 -19 -77 -16 0 3 13 16 29 29 21 16 55 26 127 37 139 20
161 22 318 22 l140 0 -130 -7z m843 -16 c46 -14 82 -27 80 -29 -2 -3 -45 2
-94 11 -62 11 -94 13 -105 5 -26 -16 -31 -1 -6 20 28 23 26 24 125 -7z m3236
7 c65 -11 121 -22 124 -25 17 -17 -156 3 -288 34 l-35 8 40 1 c22 1 93 -8 159
-18z m-8726 2 c-10 -2 -26 -2 -35 0 -10 3 -2 5 17 5 19 0 27 -2 18 -5z m7922
-8 c0 -9 -6 -12 -15 -9 -8 4 -15 10 -15 15 0 5 7 9 15 9 8 0 15 -7 15 -15z
m90 8 c0 -8 -38 -73 -42 -73 -5 0 -7 55 -3 68 5 13 45 17 45 5z m-2720 -13 c0
-5 -5 -10 -11 -10 -5 0 -7 5 -4 10 3 6 8 10 11 10 2 0 4 -4 4 -10z m2570 -14
c6 -8 19 -13 28 -10 9 3 5 -2 -10 -11 -26 -14 -31 -14 -60 1 -30 16 -31 18
-13 25 30 12 41 10 55 -5z m676 2 c35 -6 64 -15 64 -20 0 -12 -97 -10 -141 3
-40 12 -44 29 -7 29 11 0 49 -5 84 -12z m-3256 -39 c0 -4 85 -84 189 -178 118
-106 220 -208 270 -270 69 -84 253 -332 274 -368 7 -12 -150 -116 -164 -108
-8 6 -104 170 -189 325 -69 127 -254 411 -349 536 -33 45 -61 87 -61 95 1 10
5 8 15 -5 8 -11 15 -23 15 -27z m-4669 9 c10 -18 9 -20 -6 -15 -9 4 -19 7 -21
7 -2 0 -4 7 -4 15 0 22 18 18 31 -7z m116 16 c-3 -3 -12 -4 -19 -1 -8 3 -5 6
6 6 11 1 17 -2 13 -5z m163 -4 c13 -9 13 -10 0 -9 -8 0 -24 4 -35 9 l-20 9 20
0 c11 0 27 -4 35 -9z m4018 -10 c18 -9 -91 -53 -198 -80 -197 -49 -473 -185
-687 -336 -59 -42 -68 -45 -170 -58 -60 -7 -109 -12 -111 -11 -2 2 79 52 180
113 353 211 650 342 873 385 25 4 96 -3 113 -13z m787 -102 c125 -54 215 -97
175 -85 -57 18 -481 190 -485 198 -9 13 149 -44 310 -113z m2104 108 c21 -11
21 -14 6 -20 -10 -3 -33 -4 -52 0 -34 6 -34 7 -11 19 30 17 29 17 57 1z m326
-24 c-5 -14 -7 -14 -15 -2 -8 12 -10 10 -10 -7 0 -21 -12 -31 -101 -78 -11 -5
-19 -19 -19 -30 0 -12 -7 -30 -16 -41 -14 -18 -15 -18 -8 6 16 60 33 90 48 84
11 -4 16 0 16 13 0 10 5 24 12 31 7 7 9 12 5 12 -4 0 -3 9 3 19 7 13 23 21 48
23 40 3 48 -3 37 -30z m100 28 c-3 -5 -11 -10 -16 -10 -6 0 -7 5 -4 10 3 6 11
10 16 10 6 0 7 -4 4 -10z m-8070 -10 c-3 -5 -23 -10 -43 -10 -28 0 -33 3 -22
10 20 13 73 13 65 0z m752 -36 c-6 -6 -117 28 -117 37 0 4 27 -2 61 -13 33
-11 58 -22 56 -24z m-147 -9 c36 -18 79 -48 95 -65 l30 -32 -64 32 c-64 32
-171 99 -171 107 0 8 44 -9 110 -42z m3260 -6 c-47 -29 -120 -67 -164 -85
-126 -55 -342 -163 -401 -202 -62 -41 -84 -74 -66 -96 10 -12 3 -21 -46 -52
-32 -20 -92 -59 -134 -85 -68 -44 -157 -84 -165 -76 -3 3 217 219 295 290 41
37 28 46 -28 18 -38 -20 -119 -99 -271 -266 -59 -65 -140 -125 -140 -105 0 4
10 33 21 64 19 49 45 79 218 248 108 106 223 216 256 245 53 45 63 49 78 38
16 -11 32 -8 115 25 144 55 157 56 57 3 -102 -54 -155 -90 -155 -104 0 -25 37
-17 132 26 148 68 417 163 468 164 8 1 -23 -22 -70 -50z m4335 42 c15 -6 4
-11 -44 -19 -36 -7 -66 -10 -68 -8 -4 4 75 34 87 35 3 0 14 -4 25 -8z m-841
-18 c3 -4 -4 -13 -16 -21 -18 -10 -18 -12 -3 -6 11 4 36 9 55 12 29 3 33 2 22
-9 -7 -8 -37 -15 -70 -16 -93 -3 -272 -41 -272 -58 0 -3 19 -3 43 0 l42 6 -50
-24 c-33 -16 -87 -28 -160 -36 -60 -7 -144 -19 -186 -27 -68 -13 -80 -12 -114
1 -20 9 -36 18 -34 20 20 19 374 145 434 155 64 10 299 12 309 3z m101 -3 c-3
-5 -10 -10 -16 -10 -5 0 -9 5 -9 10 0 6 7 10 16 10 8 0 12 -4 9 -10z m337 -4
c16 -12 15 -13 -12 -14 -21 0 -27 3 -23 14 6 17 13 17 35 0z m-287 -12 c-63
-17 -77 -17 -45 1 14 8 41 14 60 14 33 -1 33 -1 -15 -15z m1239 -25 c153 -52
307 -121 413 -184 46 -27 81 -50 80 -52 -2 -2 -62 20 -133 48 -181 72 -387
144 -539 189 l-130 39 94 0 c85 1 107 -3 215 -40z m-3245 -156 c111 -81 153
-99 165 -68 4 11 28 2 113 -46 59 -34 112 -65 117 -69 4 -5 -11 -18 -35 -30
-24 -12 -59 -33 -77 -47 l-33 -25 -71 59 c-40 32 -117 101 -172 153 -56 52
-142 133 -191 179 l-90 83 80 -53 c44 -29 131 -90 194 -136z m2121 177 c-8 -5
-24 -10 -35 -10 -17 0 -17 2 -5 10 8 5 24 10 35 10 17 0 17 -2 5 -10z m774
-26 c101 -40 348 -155 343 -160 -2 -2 -61 6 -132 18 -118 19 -141 26 -247 80
-65 32 -118 56 -118 53 0 -2 34 -23 75 -46 41 -22 75 -43 75 -46 0 -3 -20 -2
-45 2 -57 8 -145 47 -203 88 -42 30 -43 32 -20 38 12 4 58 7 102 8 68 1 91 -4
170 -35z m-8059 -18 c-4 -20 -11 -33 -16 -30 -5 3 -9 -1 -10 -8 0 -9 -2 -9 -5
-1 -6 13 24 89 32 81 3 -3 2 -22 -1 -42z m7700 24 c3 -5 -1 -10 -9 -10 -9 0
-16 5 -16 10 0 6 4 10 9 10 6 0 13 -4 16 -10z m-355 -55 c-34 -49 -35 -50 -90
-59 l-35 -6 33 30 c18 17 42 30 55 30 15 0 18 3 9 8 -10 7 -8 12 5 24 18 16
45 28 51 22 2 -1 -10 -23 -28 -49z m120 49 c0 -2 -7 -20 -14 -39 -17 -40 -30
-48 -16 -9 14 37 13 49 -5 34 -8 -6 -14 -15 -13 -18 4 -21 -17 -63 -39 -77
-32 -22 -41 -13 -11 12 13 10 29 30 37 43 12 23 11 23 -19 -5 l-33 -30 24 35
c13 19 23 36 21 38 -10 10 4 19 33 20 19 1 35 -1 35 -4z m-7751 -8 c-12 -11
-142 -87 -144 -84 -10 9 100 88 123 88 14 0 23 -2 21 -4z m4740 0 c-2 -2 -91
-75 -196 -164 l-193 -160 -86 -7 c-47 -4 -87 -5 -90 -2 -6 5 127 108 231 177
112 76 275 160 309 160 16 0 27 -2 25 -4z m120 -38 c-12 -24 -74 -108 -137
-188 -63 -80 -149 -194 -191 -253 l-76 -109 -74 6 c-41 3 -108 6 -149 6 l-76
0 45 28 c24 16 86 63 137 105 51 42 101 79 112 82 11 4 20 12 20 19 0 24 372
343 403 345 4 1 -2 -18 -14 -41z m126 13 c-3 -12 -11 -19 -16 -16 -5 4 -5 14
2 26 13 26 23 18 14 -10z m2595 25 c0 -8 -61 -48 -66 -43 -3 2 10 14 28 26 35
22 38 23 38 17z m-7070 -492 c50 -170 100 -337 112 -372 11 -35 18 -66 15 -68
-3 -3 -8 5 -12 18 -10 32 -121 329 -199 534 -58 154 -97 300 -95 358 2 57 94
-184 179 -470z m6970 481 c0 -16 -91 -45 -140 -44 l-55 0 35 15 c48 21 160 41
160 29z m-7631 -28 c-112 -96 -206 -170 -274 -214 l-80 -53 -20 21 -20 21 85
79 c47 44 103 89 125 101 31 17 179 65 205 67 3 0 -7 -10 -21 -22z m628 -35
c49 -45 88 -98 178 -246 64 -103 114 -193 112 -199 -2 -6 -37 39 -79 99 -41
60 -118 166 -171 235 -140 186 -149 212 -40 111z m210 -59 c94 -66 156 -118
185 -154 89 -111 112 -142 97 -133 -53 32 -427 348 -443 374 -18 31 -18 32 0
22 11 -6 83 -55 161 -109z m223 88 c52 -16 141 -50 198 -76 77 -35 106 -44
116 -36 10 8 72 -11 252 -80 131 -50 262 -99 289 -109 28 -10 103 -39 168 -64
118 -46 164 -55 183 -36 8 8 58 -39 165 -151 85 -90 147 -160 139 -157 -9 3
-40 11 -71 17 -38 8 -90 34 -174 87 -119 74 -257 146 -305 159 -33 8 13 -21
199 -128 85 -48 138 -83 127 -85 -9 -2 -285 124 -612 280 -471 224 -598 288
-605 306 -6 16 -36 36 -92 62 -45 21 -80 39 -77 39 3 0 48 -12 100 -28z m2914
-45 c-140 -70 -371 -212 -422 -259 -13 -12 -20 -28 -17 -38 9 -26 -32 -45
-147 -68 -59 -12 -120 -26 -137 -31 -17 -5 -31 -6 -31 -4 0 3 92 50 205 105
206 101 248 131 205 147 -18 7 -2 17 92 62 123 59 365 158 387 159 7 1 -53
-33 -135 -73z m2356 -106 c0 -3 -32 -17 -71 -31 l-70 -27 -162 64 c-89 36
-171 69 -182 74 -18 9 -18 10 3 4 51 -13 69 42 25 74 -16 12 74 -16 214 -66
134 -48 243 -89 243 -92z m1717 169 c30 -10 46 -38 68 -119 7 -24 7 -25 -9 -5
-10 12 -7 -1 7 -30 20 -41 46 -139 92 -350 4 -20 4 -20 -10 -1 -8 11 -15 26
-15 33 0 7 -3 13 -7 13 -5 0 -20 24 -35 53 -42 79 -74 232 -78 367 0 13 -1 13
-10 0 -5 -8 -10 -53 -10 -100 l-1 -85 -19 35 c-11 21 -17 47 -14 65 3 23 2 26
-4 10 -8 -18 -10 -17 -26 13 -9 17 -19 32 -22 32 -2 0 3 -14 12 -32 12 -23 14
-36 6 -48 -5 -9 -8 -27 -5 -41 2 -13 -3 -38 -12 -54 l-17 -30 7 30 c3 17 8 38
12 49 3 11 1 16 -5 12 -6 -3 -13 0 -15 6 -3 7 -6 -14 -6 -46 -1 -45 -4 -57
-12 -49 -9 9 -9 25 0 65 7 29 12 62 11 73 -3 66 -1 78 11 86 8 5 10 9 5 9 -5
0 -3 6 3 14 7 8 21 12 32 9 11 -3 19 -2 18 3 -5 27 3 29 48 13z m-7733 -194
c-110 -321 -214 -715 -214 -810 0 -16 -3 -26 -6 -23 -3 4 -25 65 -50 138 -24
72 -48 138 -53 147 -6 12 2 41 26 97 51 119 126 277 130 273 1 -2 -11 -44 -27
-93 -77 -226 -91 -354 -37 -354 27 0 103 239 175 550 34 147 42 171 77 217 21
29 40 51 41 50 1 -1 -27 -88 -62 -192z m7051 187 c-15 -13 -93 -42 -113 -42
-34 1 64 44 113 49 6 1 6 -2 0 -7z m900 -22 c3 -5 -4 -6 -15 -3 -11 3 -22 9
-25 13 -3 5 4 6 15 3 11 -3 22 -9 25 -13z m-3112 -94 c-4 -64 -9 -83 -16 -71
-15 28 2 180 19 163 2 -2 1 -44 -3 -92z m-4756 62 c-3 -8 -6 -5 -6 6 -1 11 2
17 5 13 3 -3 4 -12 1 -19z m614 -41 c36 -21 74 -37 83 -37 15 0 672 -333 918
-465 l83 -45 -45 0 c-60 0 -117 -17 -124 -36 -5 -13 -2 -15 16 -9 13 4 64 9
114 12 89 5 91 5 164 -32 84 -42 82 -49 -24 -59 -240 -24 -486 -100 -486 -152
0 -20 30 -17 54 5 57 53 409 116 686 123 l65 1 -55 7 -55 7 55 2 c30 1 73 4
94 6 73 8 19 -22 -109 -60 -263 -78 -325 -99 -441 -146 -67 -27 -124 -49 -127
-49 -4 0 -7 7 -7 15 0 10 -10 15 -28 15 -22 0 -36 -10 -62 -46 -20 -26 -70
-69 -117 -100 -86 -57 -119 -98 -102 -125 8 -11 13 -9 30 14 12 15 30 32 42
39 17 9 15 3 -10 -28 -16 -21 -118 -153 -227 -292 -108 -139 -278 -346 -378
-460 -177 -201 -475 -532 -506 -562 -14 -14 -14 -13 -1 7 8 12 116 156 240
320 349 461 515 705 560 823 25 66 24 82 -2 78 -16 -2 -54 -57 -143 -201 -89
-146 -123 -193 -127 -180 -4 10 -14 52 -24 94 l-16 77 46 93 c38 75 49 89 57
76 5 -9 16 -17 25 -17 13 0 15 10 10 61 -4 45 -1 71 11 95 19 40 28 43 36 11
8 -33 44 -77 63 -77 17 0 13 47 -14 157 l-15 62 55 133 c30 73 65 161 77 196
13 34 25 62 29 62 3 0 47 -32 96 -71 106 -84 119 -91 139 -83 43 17 -4 74
-136 164 -43 29 -78 56 -78 60 0 5 5 31 12 59 8 37 16 51 29 51 25 0 30 26 9
45 -10 9 -20 29 -22 44 -3 23 -7 26 -37 23 -24 -2 -50 7 -87 29 -47 29 -52 36
-48 59 7 33 -18 54 -189 150 -68 39 -135 83 -148 98 l-24 26 25 -15 c14 -9 55
-32 91 -52z m4044 -230 c-20 -89 -49 -238 -65 -330 -16 -93 -30 -170 -32 -172
-2 -2 -41 7 -87 21 -46 13 -92 24 -102 24 -24 0 -24 16 2 103 l21 70 88 -6
c69 -5 90 -4 99 7 9 11 9 16 -3 23 -13 7 -13 17 5 83 10 41 35 160 54 264 19
103 39 193 43 200 4 6 8 -20 10 -57 2 -51 -6 -111 -33 -230z m2585 289 c0 -13
-88 -66 -109 -66 -22 0 -20 3 20 28 55 36 89 50 89 38z m1355 -63 c91 -37 163
-68 161 -70 -11 -11 -145 21 -177 43 -19 13 -64 40 -100 59 -35 19 -60 35 -56
35 4 0 82 -30 172 -67z m-3129 -34 c115 -50 220 -95 234 -101 l25 -10 -28 -14
c-27 -15 -33 -12 -220 87 -183 97 -238 129 -226 129 3 0 100 -41 215 -91z
m504 66 c68 -14 125 -27 127 -29 2 -2 -9 -8 -24 -15 -24 -9 -43 -6 -138 28
-60 22 -105 40 -99 40 6 1 67 -10 134 -24z m1483 -25 c-9 -22 -18 -38 -21 -36
-6 7 19 76 28 76 5 0 1 -18 -7 -40z m-7750 -46 c-26 -38 -78 -103 -117 -144
-38 -41 -98 -111 -134 -155 -35 -44 -67 -81 -71 -82 -7 -3 -76 146 -70 151 2
2 94 65 204 141 110 76 206 144 214 151 30 28 20 4 -26 -62z m7304 32 c-41
-23 -90 -40 -164 -55 -59 -11 -108 -20 -109 -18 -2 2 23 18 54 37 38 23 85 40
142 51 132 27 145 24 77 -15z m280 -14 c-24 -25 -56 -44 -90 -55 l-52 -16 45
40 c78 69 160 95 97 31z m113 3 c-21 -56 -42 -84 -118 -157 -44 -43 -82 -78
-85 -78 -4 0 20 42 51 92 36 57 71 101 92 115 19 12 42 29 50 38 20 21 21 19
10 -10z m79 -51 c-16 -59 -42 -114 -54 -114 -6 0 46 153 58 168 16 20 15 15
-4 -54z m-1226 41 c28 -6 34 -11 30 -26 -3 -10 1 -26 8 -35 14 -17 40 -16 154
1 67 11 -145 -98 -253 -129 l-91 -26 -103 41 c-57 22 -105 43 -107 45 -2 2 25
17 60 34 57 26 68 28 101 18 49 -15 72 -5 64 27 -5 21 -1 27 36 44 24 10 48
18 55 16 6 -2 27 -7 46 -10z m-6516 -182 c-57 -98 -123 -213 -146 -255 l-42
-77 -28 32 c-25 27 -31 29 -45 18 -20 -17 -20 -31 1 -97 11 -37 14 -60 7 -74
-8 -18 -14 -7 -42 70 -18 50 -32 95 -30 100 2 5 48 55 103 112 55 57 150 160
210 230 61 69 112 124 114 122 2 -2 -44 -83 -102 -181z m688 -168 c62 -110 66
-123 60 -162 -3 -24 -9 -43 -13 -43 -8 1 -272 540 -272 555 0 16 153 -221 225
-350z m3570 326 c-6 -5 -56 -44 -113 -86 -79 -59 -113 -78 -145 -82 -23 -3
-40 -3 -37 0 7 7 294 177 300 177 2 0 0 -4 -5 -9z m2675 5 c0 -10 -139 -85
-170 -91 -48 -10 -32 4 64 54 70 36 106 49 106 37z m832 -28 c-8 -8 -9 -4 -5
13 4 13 8 18 11 10 2 -7 -1 -18 -6 -23z m-7567 -90 c-9 -56 -22 -110 -29 -118
-20 -23 -6 -469 17 -525 10 -25 21 -114 31 -235 23 -289 49 -1153 35 -1144 -9
5 -26 127 -50 359 -52 508 -97 785 -149 902 -18 42 -18 44 6 194 41 257 138
688 151 675 3 -2 -3 -51 -12 -108z m4645 41 c-29 -94 -70 -281 -70 -318 l0
-32 -47 7 c-27 3 -49 8 -51 9 -1 1 18 62 43 136 32 94 60 154 92 202 26 37 48
66 49 64 2 -2 -5 -32 -16 -68z m3223 -44 c16 -33 25 -55 19 -50 -18 18 -72
127 -71 144 0 10 4 7 12 -9 6 -14 24 -52 40 -85z m-765 67 c-61 -51 -75 -59
-48 -27 27 31 10 23 -40 -21 -14 -12 -119 -55 -235 -97 -115 -42 -241 -87
-278 -101 l-68 -26 22 29 c12 17 29 33 38 36 87 34 310 115 316 115 4 0 2 -7
-5 -15 -20 -25 0 -17 73 26 72 43 187 92 195 84 3 -2 14 2 26 10 35 25 38 16
4 -13z m585 -16 c14 -34 17 -65 15 -147 l-3 -104 -27 80 c-16 44 -28 96 -28
116 0 45 10 99 19 99 3 0 14 -20 24 -44z m437 -62 l85 -88 -80 71 c-96 85
-140 131 -110 115 11 -6 58 -50 105 -98z m-570 -68 c-11 -116 -32 -205 -87
-385 -20 -64 -28 -80 -34 -65 -10 26 -11 42 -1 26 8 -11 25 70 38 183 5 39 68
329 81 370 14 44 15 -12 3 -129z m-7449 69 c2 -81 29 -121 48 -73 6 13 10 16
10 8 1 -8 39 -262 86 -563 54 -347 91 -558 101 -575 15 -26 13 -39 -50 -272
-75 -281 -194 -700 -195 -685 -1 6 4 60 9 120 57 641 78 1074 61 1219 -11 96
-33 145 -55 126 -11 -8 -15 21 -21 157 -4 93 -10 229 -13 303 -9 165 -4 309 9
289 5 -8 9 -32 10 -54z m6684 21 c-66 -24 -138 -51 -159 -60 -46 -19 -58 -14
-22 9 27 18 259 94 286 94 8 0 -39 -19 -105 -43z m450 35 c-6 -4 -59 -41 -120
-81 l-110 -73 45 48 c27 28 73 61 115 81 72 35 86 40 70 25z m1653 -26 c61
-14 127 -25 147 -25 53 0 127 -42 178 -102 46 -55 122 -168 112 -168 -3 0 -70
37 -148 82 -78 45 -207 117 -287 160 -80 43 -138 78 -129 78 9 0 66 -11 127
-25z m-7942 -369 c-2 -6 -19 -48 -37 -94 l-32 -82 -49 92 c-61 116 -162 268
-250 376 -38 46 -68 85 -68 88 0 2 99 -80 220 -183 122 -102 219 -191 216
-197z m6791 342 c-3 -7 -5 -2 -5 12 0 14 2 19 5 13 2 -7 2 -19 0 -25z m-8507
-27 c0 -16 -96 -91 -117 -91 -4 0 17 25 47 55 59 59 70 65 70 36z m6803 -53
c44 -19 46 -22 32 -38 -8 -9 -14 -27 -13 -39 3 -18 -26 -39 -185 -136 l-187
-114 -41 62 c-23 34 -51 72 -62 85 -33 36 -11 26 49 -24 55 -44 83 -52 92 -26
5 15 -55 75 -123 122 l-50 34 35 6 c19 4 67 23 105 42 l70 36 65 -34 c69 -35
95 -41 105 -23 9 14 -29 54 -66 69 -35 15 -36 24 -6 37 17 8 34 5 77 -14 30
-13 77 -34 103 -45z m1553 17 c-4 -19 -10 -37 -15 -39 -8 -5 -6 23 6 74 8 37
16 5 9 -35z m-175 -27 c-17 -49 -94 -178 -106 -178 -2 0 12 37 31 83 66 155
118 221 75 95z m32 -210 c-93 -398 -223 -941 -228 -953 -10 -21 8 98 51 335
76 421 105 552 140 644 19 50 32 96 30 103 -3 7 -1 24 4 38 9 25 58 105 63
105 2 0 -25 -123 -60 -272z m486 113 c82 -175 227 -531 217 -531 -2 0 -44 69
-94 153 -84 142 -93 164 -146 339 -52 173 -61 208 -53 197 2 -2 36 -73 76
-158z m-124 -156 c25 -136 44 -249 42 -252 -8 -7 -91 229 -99 282 -5 28 -11
100 -14 160 -4 101 -4 108 10 84 8 -14 36 -137 61 -274z m-6885 225 l89 -60
-17 -42 c-9 -24 -17 -45 -18 -46 -7 -10 -75 57 -84 82 -5 16 -23 50 -40 77
-16 27 -27 49 -25 49 3 0 46 -27 95 -60z m6697 23 c-3 -10 -5 -4 -5 12 0 17 2
24 5 18 2 -7 2 -21 0 -30z m-3547 13 c-8 -8 -59 -50 -114 -95 l-98 -81 -70 0
c-83 0 -84 -5 35 103 85 76 98 81 222 86 34 1 37 -1 25 -13z m2360 -32 c-71
-72 -224 -175 -361 -241 -142 -70 -189 -107 -189 -150 0 -23 -12 -38 -72 -83
-40 -30 -108 -83 -151 -118 -44 -35 -80 -62 -82 -60 -1 2 -24 41 -50 87 -38
67 -45 85 -34 91 8 5 46 29 84 54 78 51 64 54 128 -28 15 -20 32 -36 37 -36
16 0 11 42 -10 89 -11 24 -20 47 -20 51 0 5 73 53 163 108 263 160 317 192
328 192 5 0 24 -7 41 -16 38 -20 60 -5 40 27 -8 12 -12 22 -10 23 7 5 174 54
188 55 8 1 -6 -20 -30 -45z m873 23 c-81 -101 -226 -277 -230 -277 -13 0 83
129 154 208 80 86 118 121 76 69z m1193 1 l19 -21 -27 18 c-29 18 -34 25 -20
25 5 0 17 -10 28 -22z m-823 -94 c20 -68 27 -113 27 -179 0 -49 -2 -86 -5 -83
-3 3 -10 34 -15 69 l-9 64 5 -80 c16 -285 15 -291 -16 -80 -27 190 -40 410
-22 390 5 -6 21 -51 35 -101z m-3897 89 c-7 -8 -109 -31 -136 -32 -22 -1 17
21 55 30 41 10 90 11 81 2z m3385 -55 c-16 -24 -46 -59 -67 -78 -26 -24 -19
-12 26 43 69 85 87 100 41 35z m-3722 -10 c-39 -30 -79 -50 -154 -73 -104 -33
-211 -53 -201 -37 2 4 43 34 89 66 79 54 91 59 173 71 49 7 102 13 117 14 27
1 26 -1 -24 -41z m1007 -45 c-28 -67 -37 -78 -59 -81 -15 -2 -27 -1 -27 3 0 7
111 155 116 155 2 0 -12 -35 -30 -77z m4049 -138 l130 -127 -150 135 c-82 74
-163 150 -180 168 -56 62 61 -42 200 -176z m-4843 135 l-53 -50 -77 0 -77 0
30 25 c17 13 48 30 70 36 22 6 60 17 85 24 74 22 78 17 22 -35z m-4272 -189
c50 -127 90 -236 88 -243 -7 -31 -93 -248 -98 -248 -3 0 -38 60 -79 134 -84
153 -187 321 -237 385 -19 24 -34 47 -34 50 0 3 26 20 59 38 40 22 61 29 68
22 14 -14 38 -1 88 50 21 23 42 41 46 41 4 0 48 -103 99 -229z m8530 -76 c45
-191 130 -598 126 -602 -2 -2 -25 48 -50 113 -37 92 -61 183 -117 437 -38 177
-72 331 -74 342 -3 11 15 -20 40 -70 30 -61 54 -131 75 -220z m-4845 287 c-49
-43 -138 -102 -166 -110 -21 -7 -27 -11 -14 -11 16 -1 17 -3 5 -10 -8 -5 -58
-12 -110 -15 -64 -4 -88 -3 -75 4 14 7 4 8 -35 4 l-55 -6 32 21 c67 43 113 60
233 89 110 27 148 35 185 41 6 0 6 -2 0 -7z m5519 -367 c177 -235 172 -234
-29 5 -77 91 -168 199 -204 240 -110 127 -109 129 8 15 71 -69 155 -166 225
-260z m-8240 -24 l97 -304 -26 -125 c-14 -69 -27 -127 -28 -129 -2 -1 -12 54
-21 125 -15 107 -102 620 -122 717 -14 69 9 3 100 -284z m2905 255 c-23 -23
-28 -24 -119 -17 l-95 6 65 17 c58 16 158 28 169 20 3 -1 -6 -13 -20 -26z
m-785 2 c-7 -26 -33 -58 -46 -58 -4 0 4 18 18 40 30 45 39 50 28 18z m136 2
c-24 -19 -40 -25 -40 -15 0 5 51 34 60 34 3 0 -6 -8 -20 -19z m457 14 c-3 -3
-12 -4 -19 -1 -8 3 -5 6 6 6 11 1 17 -2 13 -5z m462 -30 l-35 -35 -79 7 -78 7
34 28 c31 26 41 28 114 29 l80 0 -36 -36z m281 28 c0 -4 -19 -27 -42 -49 l-43
-42 -62 6 c-35 3 -63 8 -63 11 0 4 17 23 37 44 36 37 40 38 105 38 37 0 68 -4
68 -8z m-3335 -112 c45 -104 50 -124 39 -155 -5 -11 -23 34 -50 121 -59 188
-58 191 11 34z m3772 96 c1 -1 -5 -23 -15 -48 -9 -26 -13 -50 -8 -55 4 -4 30
16 57 45 42 43 56 52 85 52 19 0 34 -4 34 -9 0 -9 -49 -144 -55 -149 -3 -3
-480 67 -504 74 -10 3 1 20 35 55 l49 51 160 -7 c88 -4 161 -8 162 -9z m-3491
-148 c47 -79 88 -145 89 -148 1 -3 -1 -14 -5 -25 -6 -16 -15 -4 -50 65 -23 47
-62 119 -86 161 -42 73 -49 89 -40 89 3 0 44 -64 92 -142z m2086 106 c-14 -10
-70 -21 -145 -30 -67 -8 -135 -19 -151 -24 -43 -15 -51 -12 -31 10 29 32 145
56 280 59 66 1 68 0 47 -15z m375 2 c3 -2 -1 -14 -7 -26 -13 -24 1 -24 -217
-3 l-62 6 22 19 c20 17 33 19 141 14 66 -4 121 -8 123 -10z m-4070 -318 c177
-288 223 -370 196 -343 -6 6 -50 73 -98 150 -108 173 -197 302 -277 401 -57
71 -59 76 -42 89 11 8 21 15 24 15 3 0 92 -141 197 -312z m4277 297 l48 -7
-23 -25 c-22 -23 -28 -24 -88 -18 -94 10 -100 14 -65 42 19 15 38 22 54 19 14
-3 47 -8 74 -11z m274 -40 c2 -2 -6 -17 -18 -33 -21 -28 -23 -29 -78 -20 -88
14 -88 15 -61 44 23 24 28 26 89 20 35 -4 66 -9 68 -11z m-1563 -27 l29 -13
-30 -6 c-58 -13 -91 -10 -98 9 -3 9 -8 22 -11 28 -7 14 66 2 110 -18z m510 22
c-3 -5 -23 -9 -43 -9 l-37 2 35 7 c52 11 52 11 45 0z m140 -10 c-10 -33 21
-35 65 -6 47 31 79 32 265 11 173 -20 275 -36 275 -44 0 -4 -19 -26 -43 -49
l-42 -41 -160 38 c-138 34 -263 56 -253 45 2 -2 67 -19 143 -39 177 -45 245
-66 245 -77 0 -12 -18 -10 -49 7 -26 13 -347 95 -436 111 -22 3 -49 11 -60 17
-11 6 -36 14 -55 17 l-35 7 35 10 c19 6 52 12 73 12 34 1 38 -1 32 -19z m4972
-162 c-2 -35 -3 -7 -3 62 0 69 1 97 3 63 2 -35 2 -91 0 -125z m-5307 162 c0
-5 -4 -10 -9 -10 -6 0 -13 5 -16 10 -3 6 1 10 9 10 9 0 16 -4 16 -10z m1610
-52 c107 -21 211 -43 231 -49 l36 -9 -23 -80 c-13 -44 -29 -118 -36 -164 l-12
-83 -103 43 c-88 37 -494 166 -690 220 -35 10 -63 20 -63 23 1 3 20 28 44 54
l44 49 78 -16 c43 -9 81 -21 85 -28 4 -6 17 -8 29 -5 22 6 130 -15 283 -54 75
-19 130 -18 110 2 -12 12 -124 44 -226 64 -118 23 -115 21 -82 55 33 35 6 37
295 -22z m-1820 20 c10 -6 3 -7 -20 -2 -19 3 -39 10 -45 16 -12 11 42 0 65
-14z m183 15 c8 -7 -11 -33 -24 -33 -5 0 -9 9 -9 20 0 19 20 27 33 13z m474
-84 c136 -39 268 -79 292 -90 42 -18 43 -20 28 -41 -9 -14 -24 -22 -38 -21
-34 2 -477 157 -538 188 -115 58 -34 47 256 -36z m-2182 -93 l68 -145 -13 -45
c-11 -41 -30 -63 -30 -35 0 5 -27 70 -61 142 -56 124 -60 135 -54 185 4 29 10
50 14 48 4 -3 38 -70 76 -150z m1816 131 c13 -12 31 -31 39 -42 14 -18 12 -17
-15 2 -38 26 -71 63 -58 63 6 0 21 -10 34 -23z m-14 -72 c23 -44 42 -84 42
-90 1 -5 -19 12 -43 39 -28 30 -49 45 -57 40 -8 -4 -10 -3 -5 5 4 6 1 18 -7
26 -19 19 -10 67 12 63 9 -2 35 -39 58 -83z m-177 45 c8 11 21 20 28 20 12 0
12 -3 2 -15 -7 -9 -9 -19 -5 -23 4 -4 10 -1 12 6 3 6 10 12 16 12 21 0 37 -38
44 -100 3 -33 10 -60 14 -60 4 0 11 -17 15 -37 4 -21 9 -33 11 -27 2 6 -3 37
-12 69 -8 32 -13 60 -11 62 2 2 16 -17 31 -42 15 -26 24 -49 21 -52 -3 -3 -1
-13 4 -23 5 -10 13 -42 18 -71 6 -30 24 -119 41 -198 17 -79 29 -146 26 -149
-3 -3 -5 1 -5 8 0 7 -2 11 -5 8 -3 -2 4 -30 14 -61 23 -66 64 -248 57 -254 -9
-10 -115 337 -127 417 -11 73 -14 80 -20 51 -4 -21 0 -59 12 -105 19 -69 111
-617 105 -623 -4 -4 -132 428 -162 546 -13 51 -24 110 -25 130 0 30 -2 33 -10
16 -7 -15 -8 -9 -5 22 4 40 -7 68 -16 42 -2 -7 -12 24 -22 68 -19 80 -19 223
-1 266 5 12 3 17 -6 15 -10 -2 -13 5 -11 22 2 19 1 22 -7 10 -6 -8 -8 -25 -4
-37 3 -13 2 -40 -2 -60 -6 -32 -8 -35 -17 -19 -10 17 -8 32 8 70 5 15 4 17 -6
11 -10 -6 -12 -2 -8 19 4 20 2 24 -7 16 -10 -8 -15 -4 -20 19 -3 17 -3 36 1
43 6 9 10 6 14 -10 5 -23 5 -23 20 -2z m5076 -83 c-9 -46 -23 -102 -31 -123
-17 -42 -16 -39 16 113 27 123 37 130 15 10z m-5121 43 c6 -28 0 -37 -71 -110
-42 -44 -80 -77 -85 -75 -4 3 -18 -8 -31 -24 -13 -16 -61 -62 -108 -102 -47
-40 -130 -111 -185 -158 l-100 -86 62 70 c172 194 254 279 316 326 37 28 67
54 67 56 0 3 -15 -6 -34 -21 -53 -40 -52 -31 6 35 53 61 123 118 145 119 6 0
14 -14 18 -30z m-256 -68 c-274 -179 -329 -219 -333 -244 -1 -8 -18 -29 -38
-46 -19 -18 -69 -71 -109 -118 -51 -58 -97 -100 -147 -132 -74 -47 -89 -74
-44 -80 22 -3 22 -4 -10 -64 -58 -106 -458 -441 -1018 -852 -16 -12 41 50 381
410 119 126 272 291 340 367 89 100 125 134 129 122 5 -14 9 -13 26 7 12 13
36 51 54 85 86 164 267 323 527 460 105 56 318 152 337 153 6 0 -37 -31 -95
-68z m607 -47 c54 -60 171 -188 259 -284 88 -96 152 -170 143 -165 -9 5 -106
95 -217 199 -180 170 -206 199 -246 272 -37 67 -57 111 -42 92 2 -2 48 -53
103 -114z m1838 99 c33 -8 78 -20 99 -25 l38 -10 -6 -122 c-5 -77 -3 -149 4
-196 6 -40 10 -75 8 -78 -5 -4 -298 106 -309 116 -4 3 11 79 34 169 29 118 44
162 55 162 8 0 43 -7 77 -16z m-4762 -372 c65 -202 137 -446 162 -542 92 -357
117 -462 114 -465 -2 -2 -41 125 -87 283 -91 314 -227 760 -288 943 -35 108
-42 149 -25 149 4 0 60 -166 124 -368z m3250 303 c204 -82 199 -79 172 -105
l-20 -21 -110 64 c-60 35 -134 78 -164 95 -30 17 -52 32 -48 32 5 0 81 -29
170 -65z m-468 23 c26 -30 131 -226 108 -203 -20 20 -151 235 -144 235 4 0 20
-14 36 -32z m-194 -13 c0 -27 -87 -199 -267 -529 -126 -231 -159 -286 -171
-286 -12 0 281 576 309 607 13 16 33 39 44 53 16 21 14 20 -14 -5 l-33 -30 42
85 c66 132 90 160 90 105z m356 -7 l29 -33 -32 29 c-31 28 -38 36 -30 36 2 0
16 -15 33 -32z m-661 -98 c-59 -60 -136 -122 -225 -182 l-135 -91 70 72 c39
40 104 102 146 137 73 62 203 151 224 153 5 1 -31 -40 -80 -89z m1580 -61
c186 -91 473 -243 489 -259 5 -5 -85 33 -200 84 -116 52 -297 129 -404 171
-107 43 -197 79 -199 81 -3 2 6 15 18 28 l23 24 46 -20 c26 -11 128 -60 227
-109z m4182 -126 c-1 -49 -3 -9 -3 87 0 96 2 136 3 88 2 -49 2 -127 0 -175z
m-7076 -92 c-13 -36 -30 -82 -38 -101 l-15 -35 -49 145 -49 145 21 80 c11 44
22 87 25 95 3 8 33 -47 67 -124 l61 -139 -23 -66z m1508 272 c-89 -159 -248
-358 -677 -849 l-44 -49 32 45 c191 273 504 684 599 787 63 68 116 123 118
123 3 0 -10 -26 -28 -57z m417 -26 c20 -40 32 -67 26 -62 -18 18 -86 149 -74
141 7 -4 29 -40 48 -79z m-972 17 c-49 -31 -104 -67 -121 -80 -37 -28 -41 -22
-15 19 12 19 47 42 112 72 52 24 99 44 104 45 5 0 -31 -25 -80 -56z m686 29
c0 -24 -32 -134 -37 -129 -8 8 20 155 29 150 4 -3 8 -12 8 -21z m-54 -63 c-8
-17 -10 -28 -5 -24 6 3 8 -4 4 -18 -2 -12 -21 -95 -40 -184 -53 -244 -61 -263
-125 -301 -61 -37 -75 -41 -62 -15 24 44 213 495 209 498 -2 2 -59 -118 -127
-267 -114 -246 -142 -300 -155 -288 -2 3 67 150 153 327 86 177 158 318 160
312 2 -5 -3 -23 -12 -40z m-2691 -87 c50 -123 137 -374 132 -379 -2 -2 -18 31
-36 74 -64 151 -137 262 -161 247 -6 -3 -10 -13 -10 -22 0 -9 59 -147 132
-307 72 -160 144 -325 160 -366 74 -189 168 -443 165 -446 -2 -2 -55 103 -117
234 -62 130 -179 371 -259 534 l-146 297 37 113 c46 138 46 138 52 138 2 0 25
-53 51 -117z m7912 85 c-3 -7 -5 -2 -5 12 0 14 2 19 5 13 2 -7 2 -19 0 -25z
m-5153 -398 c-3 -212 -9 -403 -13 -424 -5 -32 -12 -41 -34 -49 -16 -5 -31 -6
-34 -3 -4 3 6 102 20 219 15 116 27 221 26 232 0 11 -14 -72 -30 -185 -43
-301 -37 -281 -87 -298 -24 -8 -45 -12 -48 -9 -2 2 9 79 25 171 24 136 34 173
55 201 30 39 32 51 9 63 -16 9 -16 16 1 108 23 132 98 387 109 371 4 -7 5
-185 1 -397z m831 -108 c256 -240 315 -299 524 -522 224 -240 635 -653 692
-697 l48 -36 232 -576 c198 -493 377 -976 366 -987 -2 -2 -18 33 -37 79 -81
201 -183 382 -229 407 -17 8 -22 6 -31 -11 -10 -18 16 -81 179 -444 105 -232
219 -494 252 -581 115 -302 199 -526 199 -532 -1 -12 -77 141 -290 583 -524
1088 -819 1628 -997 1826 -84 93 -389 479 -627 794 -162 213 -143 196 64 -60
378 -467 687 -811 763 -849 18 -9 40 -22 49 -29 13 -8 20 -9 29 0 8 8 -45 70
-198 234 -531 571 -1091 1211 -1215 1389 -38 55 -278 488 -278 502 0 2 66 -63
148 -145 81 -82 242 -237 357 -345z m4312 406 c-2 -13 -4 -3 -4 22 0 25 2 35
4 23 2 -13 2 -33 0 -45z m570 30 c-3 -8 -6 -5 -6 6 -1 11 2 17 5 13 3 -3 4
-12 1 -19z m-8172 -277 c30 -149 55 -282 54 -294 0 -12 -22 70 -49 183 -26
113 -54 230 -62 260 -12 47 -14 139 -2 127 2 -2 29 -126 59 -276z m8489 116
c41 -86 73 -157 72 -157 -14 0 -156 289 -156 318 0 13 12 -11 84 -161z m-249
-72 c31 -115 72 -264 91 -329 18 -66 32 -121 30 -123 -12 -12 -74 187 -126
403 -33 139 -60 255 -60 260 0 23 14 -21 65 -211z m-6358 98 c-63 -81 -87
-117 -87 -136 0 -11 -133 -133 -192 -175 -16 -12 -17 -11 -8 12 10 28 -1 42
-26 32 -17 -7 -9 11 29 61 18 25 320 270 335 272 2 1 -21 -29 -51 -66z m622
-148 c-6 -60 -15 -126 -19 -145 -7 -30 -8 -25 -9 30 0 36 2 124 6 195 l7 130
13 -50 c11 -41 11 -70 2 -160z m5088 138 c-3 -10 -5 -2 -5 17 0 19 2 27 5 18
2 -10 2 -26 0 -35z m-5577 20 c0 -3 -51 -58 -113 -122 -165 -168 -258 -283
-257 -318 0 -4 46 40 103 98 120 124 115 117 -69 -100 -76 -90 -151 -179 -166
-196 -27 -32 -27 -33 -8 -50 18 -17 21 -17 46 -1 14 10 28 16 30 13 8 -8 -106
-67 -360 -186 -300 -143 -759 -351 -763 -348 -1 2 118 88 265 192 147 104 338
243 425 308 148 111 160 118 176 103 15 -14 16 -25 10 -76 -5 -32 -5 -69 -1
-80 8 -21 8 -21 25 -2 10 11 22 46 27 78 6 33 14 72 18 88 5 20 102 120 307
317 165 158 301 288 303 288 1 1 2 -2 2 -6z m5877 -95 c-2 -13 -4 -3 -4 22 0
25 2 35 4 23 2 -13 2 -33 0 -45z m-7233 -81 l37 -119 -100 -222 c-118 -261
-337 -725 -346 -735 -11 -10 2 34 160 549 83 272 162 532 175 578 13 45 27 79
30 75 4 -5 24 -61 44 -126z m1884 -4 c6 -32 13 -144 15 -250 l4 -192 -26 -9
c-14 -6 -34 -13 -43 -17 -16 -6 -18 -1 -18 41 -1 72 43 493 51 489 3 -3 11
-30 17 -62z m-2943 -71 c32 -59 73 -136 93 -172 65 -119 21 -53 -74 111 -52
89 -94 166 -94 171 0 23 22 -10 75 -110z m2466 101 c-6 -10 -70 -108 -143
-218 -122 -182 -138 -202 -188 -232 -30 -18 -58 -32 -62 -33 -7 0 393 499 400
500 1 0 -2 -8 -7 -17z m6 -40 c-2 -5 -42 -78 -87 -163 -76 -142 -98 -175 -108
-165 -4 4 188 335 195 335 2 0 2 -3 0 -7z m5260 -105 c-3 -8 -6 -5 -6 6 -1 11
2 17 5 13 3 -3 4 -12 1 -19z m-4716 -217 c9 -69 9 -85 -2 -92 -33 -20 -36 -6
-42 191 l-5 135 19 -75 c10 -41 24 -113 30 -159z m-1846 13 c16 -25 16 -27
-21 -87 -51 -82 -381 -554 -407 -582 -5 -5 80 168 188 385 l198 395 12 -43 c7
-23 21 -54 30 -68z m1459 -85 c-31 -134 -54 -194 -67 -178 -5 5 95 340 100
335 2 -2 -13 -72 -33 -157z m-2585 -94 c136 -157 365 -433 399 -480 8 -11 -36
32 -98 95 -61 63 -186 207 -278 320 -91 113 -186 230 -211 260 l-45 55 43 -40
c24 -22 109 -116 190 -210z m2546 95 c-25 -79 -51 -155 -58 -168 -9 -18 -33
-32 -89 -52 -43 -15 -78 -24 -78 -21 0 3 28 73 63 155 l63 148 70 43 c38 23
70 41 71 40 2 -1 -17 -66 -42 -145z m-1958 -22 c-2 -18 -4 -4 -4 32 0 36 2 50
4 33 2 -18 2 -48 0 -65z m1745 -94 l-69 -149 -134 -47 c-74 -26 -137 -47 -141
-45 -3 1 25 56 63 122 64 110 107 165 129 165 4 0 -5 -33 -21 -72 -29 -74 -35
-108 -21 -108 4 0 31 47 59 104 l52 104 73 40 c40 22 74 39 75 38 2 -1 -28
-70 -65 -152z m677 91 l0 -20 -9 20 c-5 11 -9 27 -9 35 -1 13 0 13 9 0 5 -8 9
-24 9 -35z m877 -444 c105 -141 266 -350 358 -465 106 -132 164 -212 158 -218
-9 -9 -298 344 -581 710 -84 108 -231 344 -231 371 0 3 24 -28 53 -69 28 -40
138 -189 243 -329z m-1846 325 c0 -3 -36 -61 -80 -129 l-81 -125 -63 -16 c-35
-8 -71 -19 -81 -23 -17 -6 -16 -2 5 33 13 21 54 76 92 120 54 66 79 88 130
112 63 31 78 36 78 28z m1218 -81 c0 -5 -6 4 -13 20 -8 17 -14 37 -14 45 0 8
7 -1 14 -20 7 -19 13 -39 13 -45z m-481 -17 c-3 -24 -18 -148 -33 -275 l-28
-233 -33 0 c-28 0 -33 4 -33 23 0 26 59 500 63 502 17 9 54 24 61 24 5 1 6
-18 3 -41z m-122 -249 c-20 -140 -39 -256 -42 -259 -9 -9 -273 -12 -273 -3 0
15 128 435 135 442 7 7 208 78 213 75 2 -1 -13 -116 -33 -255z m-885 187 c-23
-30 -48 -75 -54 -98 l-13 -43 -224 -63 c-123 -34 -325 -89 -449 -122 -124 -33
-240 -64 -258 -69 -74 -22 -12 9 189 94 116 50 354 151 528 226 174 74 318
134 319 133 2 -1 -15 -27 -38 -58z m6497 -168 c-2 -35 -3 -9 -3 57 0 66 1 94
3 63 2 -32 2 -86 0 -120z m-5827 148 c0 -14 -144 -423 -152 -433 -7 -9 -40
-13 -99 -13 -65 0 -89 3 -88 13 0 6 13 38 27 70 20 42 36 62 61 75 42 20 51
41 22 49 -27 7 -26 13 17 112 l38 85 69 22 c68 21 105 28 105 20z m353 -240
c-6 -140 -11 -180 -22 -184 -11 -4 -13 7 -8 59 4 35 12 132 19 214 16 186 21
147 11 -89z m-583 181 c0 -8 -73 -173 -80 -180 -4 -4 -138 -28 -298 -52 -276
-42 -604 -78 -832 -90 l-105 -5 165 41 c382 95 760 186 760 182 0 -2 -5 -13
-11 -24 -13 -25 4 -49 35 -49 15 0 30 16 51 52 l30 51 135 38 c145 40 150 41
150 36z m2508 -274 c59 -47 106 -90 105 -94 -2 -5 2 -20 7 -34 5 -14 8 -25 7
-25 -1 0 -58 57 -127 126 -69 70 -119 123 -112 119 7 -4 61 -45 120 -92z
m-2628 -3 c0 -5 -11 -35 -25 -66 l-25 -57 -483 8 c-596 9 -815 17 -737 27 30
4 161 12 290 18 414 19 740 44 885 69 71 12 95 12 95 1z m-1692 -28 c2 -7 -2
-10 -12 -6 -9 3 -16 11 -16 16 0 13 23 5 28 -10z m326 -7 c-9 -14 -26 -31 -38
-37 -17 -9 -15 -4 9 25 35 41 53 49 29 12z m-259 5 c3 -5 2 -10 -4 -10 -5 0
-13 5 -16 10 -3 6 -2 10 4 10 5 0 13 -4 16 -10z m250 -158 c58 -81 62 -91 24
-56 -19 18 -51 39 -72 49 -42 20 -67 53 -47 65 25 16 57 -3 95 -58z m-464 27
c-43 -19 -188 -45 -198 -36 -2 3 31 12 74 22 43 9 92 20 108 25 53 15 61 9 16
-11z m296 -1 c-3 -8 -6 -5 -6 6 -1 11 2 17 5 13 3 -3 4 -12 1 -19z m-72 -69
c-24 -59 -43 -90 -100 -154 l-27 -30 25 45 c13 25 43 80 67 123 23 42 46 77
50 77 5 0 -2 -28 -15 -61z m95 -55 c0 -83 -11 -105 -23 -45 -8 37 3 131 14
131 5 0 9 -39 9 -86z m110 22 c0 -18 -17 8 -24 34 l-7 25 15 -25 c9 -14 15
-29 16 -34z m-404 35 c-3 -4 -33 -14 -67 -20 -33 -7 -68 -15 -78 -17 -10 -4
-9 -1 4 7 38 25 152 49 141 30z m479 -68 l18 -28 -21 19 c-12 11 -22 23 -22
28 0 14 7 9 25 -19z m-591 -3 c-6 -6 -219 -102 -475 -214 -501 -220 -799 -354
-1031 -465 -82 -38 -148 -68 -148 -67 0 2 181 98 403 214 540 282 891 441
1097 498 85 23 157 43 160 43 2 1 -1 -4 -6 -9z m100 -31 c-18 -21 -104 -87
-134 -104 -25 -14 53 66 94 96 46 34 67 38 40 8z m-24 -114 c-41 -41 -76 -75
-78 -75 -8 0 80 100 109 125 58 48 43 25 -31 -50z m-265 -60 c-78 -74 -157
-132 -355 -261 -140 -92 -352 -232 -470 -311 -253 -170 -243 -158 74 81 192
146 827 584 846 585 3 0 -40 -42 -95 -94z m411 37 c-16 -32 -352 -542 -363
-552 -6 -5 29 62 139 265 49 90 225 331 235 321 3 -2 -3 -18 -11 -34z m-488
-304 c-46 -57 -125 -146 -176 -198 l-94 -95 118 140 c104 125 223 255 232 255
1 0 -34 -46 -80 -102z m5346 -1633 c95 -110 252 -297 350 -415 282 -341 284
-354 12 -61 -95 102 -228 256 -296 341 -68 85 -185 229 -259 320 -177 218
-179 221 -71 110 50 -52 169 -185 264 -295z m461 -753 c-3 -3 -11 0 -18 7 -9
10 -8 11 6 5 10 -3 15 -9 12 -12z m70 -42 c23 -26 4 -26 -26 0 -18 15 -20 19
-8 20 9 0 24 -9 34 -20z m94 1 c9 -6 10 -11 2 -15 -13 -8 -31 1 -31 15 0 11
11 11 29 0z m121 -46 c0 -8 -2 -15 -4 -15 -2 0 -6 7 -10 15 -3 8 -1 15 4 15 6
0 10 -7 10 -15z m-410 -137 c-68 -27 -107 -35 -270 -52 -60 -7 -44 -2 145 43
195 47 223 49 125 9z m301 -97 c-22 -60 -45 -100 -92 -156 -54 -65 -80 -92
-66 -67 2 4 35 63 72 132 73 133 105 184 111 177 3 -2 -9 -41 -25 -86z m297
52 c16 -15 15 -16 -13 -9 -40 10 -56 26 -26 26 12 0 30 -8 39 -17z m204 -3
c18 -11 26 -20 18 -20 -15 0 -72 39 -58 40 4 0 22 -9 40 -20z m-238 -54 c16
-27 23 -47 16 -44 -7 2 -24 29 -37 58 -28 63 -19 57 21 -14z m-135 -91 c1 -85
0 -88 -16 -72 -15 15 -18 34 -16 107 3 164 30 135 32 -35z m-396 104 c-12 -12
-213 -63 -220 -56 -12 13 130 55 222 66 5 0 4 -4 -2 -10z m147 -43 c0 -2 -8
-10 -17 -17 -16 -13 -17 -12 -4 4 13 16 21 21 21 13z m505 -55 c26 -29 27 -32
8 -22 -13 6 -30 26 -39 44 -9 18 -12 28 -8 22 5 -5 23 -25 39 -44z m471 -57
c63 -36 114 -67 114 -69 0 -7 -325 136 -338 149 -12 12 -5 12 48 -1 39 -9 104
-38 176 -79z m-326 41 c19 -19 30 -35 24 -35 -19 1 -86 70 -67 70 5 0 24 -16
43 -35z m-970 1 c-25 -13 -277 -125 -560 -249 -779 -341 -1400 -622 -1675
-759 -44 -22 -75 -36 -70 -31 6 6 269 145 585 310 386 201 697 355 945 468
353 161 380 171 580 226 116 31 217 57 225 57 8 1 -5 -9 -30 -22z m130 -53
c-35 -32 -77 -67 -94 -79 -84 -57 -88 -54 -21 15 61 63 140 119 169 121 5 0
-19 -26 -54 -57z m1145 -148 c211 -171 303 -250 225 -193 -19 14 -107 76 -195
138 -140 98 -238 186 -269 239 -12 20 -26 31 239 -184z m-1123 38 c-101 -108
-220 -226 -191 -188 81 104 167 200 202 224 23 16 51 38 61 50 11 11 21 21 24
21 2 0 -41 -48 -96 -107z m-257 18 c-6 -4 -76 -68 -156 -142 -128 -118 -178
-155 -415 -309 -148 -96 -430 -281 -626 -412 -197 -131 -358 -236 -358 -234 0
3 159 125 353 273 245 186 481 354 775 550 373 250 462 307 427 274z m430 -58
c-9 -21 -87 -146 -174 -278 -87 -132 -200 -303 -251 -380 -51 -77 -90 -135
-88 -129 1 6 63 124 137 262 122 227 147 267 259 407 68 85 126 155 128 155 2
0 -3 -17 -11 -37z m-565 -300 c-18 -21 -96 -117 -175 -213 -79 -96 -194 -224
-256 -285 -63 -60 -102 -96 -88 -80 15 17 109 127 210 245 169 198 325 370
336 370 2 0 -10 -17 -27 -37z"/>
<path d="M10366 9225 c-9 -26 -7 -32 5 -12 6 10 9 21 6 23 -2 3 -7 -2 -11 -11z"/>
<path d="M5392 8570 c0 -14 2 -19 5 -12 2 6 2 18 0 25 -3 6 -5 1 -5 -13z"/>
<path d="M5412 8440 c0 -14 2 -19 5 -12 2 6 2 18 0 25 -3 6 -5 1 -5 -13z"/>
<path d="M5232 8280 c0 -14 2 -19 5 -12 2 6 2 18 0 25 -3 6 -5 1 -5 -13z"/>
<path d="M5222 8195 c0 -16 2 -22 5 -12 2 9 2 23 0 30 -3 6 -5 -1 -5 -18z"/>
<path d="M4499 12403 c-115 -104 -518 -740 -1075 -1694 -82 -142 -151 -255
-152 -254 -6 5 142 332 221 490 124 249 248 452 336 549 28 31 51 60 51 66 0
40 -89 -16 -151 -96 -153 -197 -312 -530 -543 -1135 -20 -52 -43 -104 -51
-115 -14 -17 -14 -17 -4 11 6 17 37 102 69 190 70 194 370 993 549 1465 73
189 130 351 129 359 -6 30 -29 21 -58 -25 -36 -57 -135 -307 -250 -629 -85
-238 -500 -1479 -500 -1496 0 -17 17 -9 29 14 l11 22 -6 -24 c-13 -49 15 -9
46 67 18 42 42 93 53 112 86 144 572 898 1052 1630 163 250 301 465 306 477 9
24 3 53 -12 53 -5 0 -27 -17 -50 -37z"/>
<path d="M8342 12318 c-64 -106 -239 -784 -483 -1868 -34 -151 -68 -287 -75
-302 -18 -35 -18 -58 1 -58 9 0 15 9 15 21 0 45 145 335 746 1490 156 300 284
555 284 567 0 36 -27 25 -65 -25 -96 -132 -493 -932 -860 -1736 -32 -70 -60
-126 -62 -124 -4 4 166 640 363 1352 86 314 163 596 171 627 23 86 3 118 -35
56z"/>
<path d="M8781 11679 c-179 -109 -512 -695 -817 -1441 -25 -62 -73 -151 -105
-200 -60 -89 -66 -107 -21 -65 l24 22 -7 -24 c-15 -49 18 -8 51 65 35 74 165
254 371 512 319 398 611 701 796 826 80 54 97 73 72 82 -45 18 -158 -47 -295
-168 -162 -143 -429 -462 -697 -830 -75 -104 -137 -188 -139 -188 -6 0 166
353 252 518 185 355 381 663 516 808 43 46 78 88 78 94 0 17 -43 11 -79 -11z"/>
<path d="M5581 8070 c-2 -15 214 -543 377 -921 193 -447 299 -655 370 -722 18
-17 32 -24 36 -18 4 5 -76 176 -178 379 -201 402 -374 766 -497 1047 -90 205
-107 242 -108 235z"/>
</g>
</svg>
